id;action_id;action_name;player_id;player_name;team_id;team_name;opponent_id;opponent_name;opponent_team_id;opponent_team_name;teammate_id;teammate_name;half;second;pos_x;pos_y;possession_id;possession_name;possession_team_id;possession_team_name;possession_number;possession_start_clear;possession_end_clear;playtype;hand;shot_type;drive;dribble_move;contesting;ts
102375453;1601000;Starting lineup;370977;CJ Wilcox;13;Los Angeles Clippers;;;;;;;1;0.000;;;;;;;;;;;;;;;;2018-02-26 13:50:02.014419
102375454;1601000;Starting lineup;9150;JJ Redick;13;Los Angeles Clippers;;;;;;;1;0.000;;;;;;;;;;;;;;;;2018-02-26 13:50:02.014419
102375455;1601000;Starting lineup;176;Paul Pierce;13;Los Angeles Clippers;;;;;;;1;0.000;;;;;;;;;;;;;;;;2018-02-26 13:50:02.014419
102375456;1601000;Starting lineup;179;Chris Paul;13;Los Angeles Clippers;;;;;;;1;0.000;;;;;;;;;;;;;;;;2018-02-26 13:50:02.014419
102375457;1601000;Starting lineup;7660;Cole Aldrich;13;Los Angeles Clippers;;;;;;;1;0.000;;;;;;;;;;;;;;;;2018-02-26 13:50:02.014419
102375458;1601000;Starting lineup;175;Luc Richard Mbah a Moute;13;Los Angeles Clippers;;;;;;;1;0.000;;;;;;;;;;;;;;;;2018-02-26 13:50:02.014419
102375459;1601000;Starting lineup;180;Jamal Crawford;13;Los Angeles Clippers;;;;;;;1;0.000;;;;;;;;;;;;;;;;2018-02-26 13:50:02.014419
102375460;1601000;Starting lineup;1804;Austin Rivers;13;Los Angeles Clippers;;;;;;;1;0.000;;;;;;;;;;;;;;;;2018-02-26 13:50:02.014419
102375461;1601000;Starting lineup;99345;Josh Smith;13;Los Angeles Clippers;;;;;;;1;0.000;;;;;;;;;;;;;;;;2021-04-01 08:47:05.392245
102375462;1601000;Starting lineup;7503;Wesley Johnson;13;Los Angeles Clippers;;;;;;;1;0.000;;;;;;;;;;;;;;;;2018-02-26 13:50:02.014419
102375463;1601000;Starting lineup;8964;Pablo Prigioni;13;Los Angeles Clippers;;;;;;;1;0.000;;;;;;;;;;;;;;;;2018-02-26 13:50:02.014419
102375464;1601000;Starting lineup;2410;Lance Stephenson;13;Los Angeles Clippers;;;;;;;1;0.000;;;;;;;;;;;;;;;;2018-02-26 13:50:02.014419
102375476;1800100;1st quarter;;;;;;;;;;;1;0.000;;;;;;;;;;;;;;;;2018-02-26 13:50:02.014419
102375477;1600500;Guard;175;Luc Richard Mbah a Moute;13;Los Angeles Clippers;;;;;;;1;0.000;;;;;;;;;;;;;;;;2018-02-26 13:50:02.014419
102375478;1600500;Guard;176;Paul Pierce;13;Los Angeles Clippers;;;;;;;1;0.000;;;;;;;;;;;;;;;;2018-02-26 13:50:02.014419
102375479;1600500;Guard;179;Chris Paul;13;Los Angeles Clippers;;;;;;;1;0.000;;;;;;;;;;;;;;;;2018-02-26 13:50:02.014419
102375480;1600500;Guard;7660;Cole Aldrich;13;Los Angeles Clippers;;;;;;;1;0.000;;;;;;;;;;;;;;;;2018-02-26 13:50:02.014419
102375481;1600500;Guard;9150;JJ Redick;13;Los Angeles Clippers;;;;;;;1;0.000;;;;;;;;;;;;;;;;2018-02-26 13:50:02.014419
102375489;100200;Game stop;;;;;;;;;;;1;105.288;;;;;;;;;;;;;;;;2018-02-26 13:50:02.014419
102375490;100300;Rebound;;;13;Los Angeles Clippers;;;;;;;1;105.288;;;;;;;;;;;;;;;;2018-02-26 13:50:02.014419
102375491;100100;Ball in play;;;13;Los Angeles Clippers;;;;;;;1;116.065;;;;;;;;;;;;;;;;2019-10-24 13:30:02.700184
102375492;800202;2-;9150;JJ Redick;13;Los Angeles Clippers;;;;;;;1;129.065;27.23;11.37;;;;;;;;Screen off;;Jumper;;;;2018-02-26 13:50:02.014419
102375495;100300;Rebound;176;Paul Pierce;13;Los Angeles Clippers;;;;;;;1;136.141;;;;;;;;;;;;;;;;2018-02-26 13:50:02.014419
102375496;400101;Accurate pass;179;Chris Paul;13;Los Angeles Clippers;;;;;7660;Cole Aldrich;1;143.868;;;;;;;;;;;;;;;;2018-02-26 13:50:02.014419
102375497;200300;Pick'n'Roll;7660;Cole Aldrich;13;Los Angeles Clippers;;;;;179;Chris Paul;1;143.868;;;;;;;;;;;;;;;;2018-02-26 13:50:02.014419
102375498;800201;2+;7660;Cole Aldrich;13;Los Angeles Clippers;;;;;179;Chris Paul;1;143.868;27.02;7.62;;;;;;;;Pick-n-roll without a ball;;;;;;2018-02-26 13:50:02.014419
102375500;100300;Rebound;176;Paul Pierce;13;Los Angeles Clippers;;;;;;;1;169.399;;;;;;;;;;;;;;;;2018-02-26 13:50:02.014419
102375501;200300;Pick'n'Roll;176;Paul Pierce;13;Los Angeles Clippers;;;;;179;Chris Paul;1;182.375;;;;;;;;;;Pick'n'pop;;;;;;2018-02-26 13:50:02.014419
102375502;800302;3-;176;Paul Pierce;13;Los Angeles Clippers;;;;;179;Chris Paul;1;182.375;20.36;3.39;;;;;;;;Pick'n'pop;;Jumper;;;;2018-02-26 13:50:02.014419
102375505;100300;Rebound;7660;Cole Aldrich;13;Los Angeles Clippers;;;;;;;1;190.813;;;;;;;;;;;;;;;;2018-02-26 13:50:02.014419
102375506;400101;Accurate pass;179;Chris Paul;13;Los Angeles Clippers;;;;;7660;Cole Aldrich;1;203.574;;;;;;;;;;;;;;;;2018-02-26 13:50:02.014419
102375507;200300;Pick'n'Roll;7660;Cole Aldrich;13;Los Angeles Clippers;;;;;179;Chris Paul;1;203.574;;;;;;;;;;;;;;;;2018-02-26 13:50:02.014419
102375508;800201;2+;7660;Cole Aldrich;13;Los Angeles Clippers;;;;;179;Chris Paul;1;203.574;25.67;7.68;;;;;;;;Pick-n-roll without a ball;;Hook;;;;2018-02-26 13:50:02.014419
102375509;100200;Game stop;;;;;;;;;;;1;220.628;;;;;;;;;;;;;;;;2018-02-26 13:50:02.014419
102375511;100100;Ball in play;;;13;Los Angeles Clippers;;;;;;;1;225.951;;;;;;;;;;;;;;;;2019-10-24 13:30:02.700184
102375512;200300;Pick'n'Roll;7660;Cole Aldrich;13;Los Angeles Clippers;;;;;179;Chris Paul;1;232.951;;;;;;;;;;;;;;;;2018-02-26 13:50:02.014419
102375513;800202;2-;7660;Cole Aldrich;13;Los Angeles Clippers;;;;;179;Chris Paul;1;232.951;25.49;6.90;;;;;;;;Pick-n-roll without a ball;;Hook;;;;2018-02-26 13:50:02.014419
102375519;100400;Steal;179;Chris Paul;13;Los Angeles Clippers;2102;Justise Winslow;2941;Miami Heat;;;1;255.899;;;;;;;;;;;;;;;;2018-02-26 13:50:02.014419
102375520;800202;2-;179;Chris Paul;13;Los Angeles Clippers;;;;;;;1;268.107;25.37;3.39;;;;;;;;Pick'n'Roll;;Jumper;;;;2018-02-26 13:50:02.014419
102375522;100400;Steal;7660;Cole Aldrich;13;Los Angeles Clippers;7479;Luol Deng;2941;Miami Heat;;;1;277.076;;;;;;;;;;;;;;;;2018-02-26 13:50:02.014419
102375523;800301;3+;179;Chris Paul;13;Los Angeles Clippers;;;;;;;1;291.153;21.05;12.51;;;;;;;;;;Jumper;;;;2018-02-26 13:50:02.014419
102375524;100200;Game stop;;;;;;;;;;;1;304.743;;;;;;;;;;;;;;;;2018-02-26 13:50:02.014419
102375529;400101;Accurate pass;179;Chris Paul;13;Los Angeles Clippers;;;;;176;Paul Pierce;1;349.783;;;;;;;;;;;;;;;;2018-02-26 13:50:02.014419
102375530;800201;2+;176;Paul Pierce;13;Los Angeles Clippers;;;;;179;Chris Paul;1;349.783;23.57;4.05;;;;;;;;Isolation;;Jumper;Drives Right;;;2018-02-26 13:50:02.014419
102375533;100200;Game stop;;;;;;;;;;;1;390.482;;;;;;;;;;;;;;;;2018-02-26 13:50:02.014419
102375534;100500;Turnover;7660;Cole Aldrich;13;Los Angeles Clippers;;;;;;;1;390.482;;;;;;;;;;;;;;;;2018-02-26 13:50:02.014419
102375538;800302;3-;179;Chris Paul;13;Los Angeles Clippers;;;;;;;1;430.081;25.52;0.48;;;;;;;;Catch and shoot;;Jumper;;;;2018-02-26 13:50:02.014419
102375541;100200;Game stop;;;;;;;;;;;1;438.765;;;;;;;;;;;;;;;;2018-02-26 13:50:02.014419
102375542;300100;Foul;176;Paul Pierce;13;Los Angeles Clippers;2097;Dwyane Wade;2941;Miami Heat;;;1;438.765;;;;;;;;;;;;;;;;2018-02-26 13:50:02.014419
102375546;100100;Ball in play;;;13;Los Angeles Clippers;;;;;;;1;487.032;;;;;;;;;;;;;;;;2019-10-24 13:30:02.700184
102375547;100300;Rebound;175;Luc Richard Mbah a Moute;13;Los Angeles Clippers;;;;;;;1;487.032;;;;;;;;;;;;;;;;2018-02-26 13:50:02.014419
102375548;800202;2-;7660;Cole Aldrich;13;Los Angeles Clippers;;;;;;;1;496.461;25.91;7.59;;;;;;;;Cut;;Hook;;;;2018-02-26 13:50:02.014419
102375551;100300;Rebound;179;Chris Paul;13;Los Angeles Clippers;;;;;;;1;505.149;;;;;;;;;;;;;;;;2018-02-26 13:50:02.014419
102375552;100200;Game stop;;;;;;;;;;;1;507.246;;;;;;;;;;;;;;;;2018-02-26 13:50:02.014419
102375555;100100;Ball in play;;;13;Los Angeles Clippers;;;;;;;1;543.296;;;;;;;;;;;;;;;;2019-10-24 13:30:02.700184
102375556;200300;Pick'n'Roll;176;Paul Pierce;13;Los Angeles Clippers;;;;;179;Chris Paul;1;543.296;;;;;;;;;;Pick'n'pop;;;;;;2018-02-26 13:50:02.014419
102375557;800302;3-;176;Paul Pierce;13;Los Angeles Clippers;;;;;179;Chris Paul;1;543.296;21.05;12.99;;;;;;;;Pick'n'pop;;Jumper;;;;2018-02-26 13:50:02.014419
102375562;100200;Game stop;;;;;;;;;;;1;552.423;;;;;;;;;;;;;;;;2018-02-26 13:50:02.014419
102375563;300100;Foul;7660;Cole Aldrich;13;Los Angeles Clippers;34324;Chris Bosh;2941;Miami Heat;;;1;552.423;;;;;;;;;;;;;;;;2018-02-26 13:50:02.014419
102375564;1600500;Guard;180;Jamal Crawford;13;Los Angeles Clippers;7660;Cole Aldrich;13;Los Angeles Clippers;;;1;591.910;;;;;;;;;;;;;;;;2018-02-26 13:50:02.014419
102375566;100100;Ball in play;;;13;Los Angeles Clippers;;;;;;;1;594.537;;;;;;;;;;;;;;;;2019-10-24 13:30:02.700184
102375567;800202;2-;179;Chris Paul;13;Los Angeles Clippers;;;;;;;1;609.537;23.18;10.53;;;;;;;;Pick'n'Roll;;Jumper;;;;2018-02-26 13:50:02.014419
102375572;100400;Steal;179;Chris Paul;13;Los Angeles Clippers;8592;Beno Udrih;2941;Miami Heat;;;1;638.712;;;;;;;;;;;;;;;;2018-02-26 13:50:02.014419
102375573;800202;2-;9150;JJ Redick;13;Los Angeles Clippers;;;;;;;1;644.411;26.99;6.87;;;;;;;;Transition;;Lay up;;;;2018-02-26 13:50:02.014419
102375574;100300;Rebound;179;Chris Paul;13;Los Angeles Clippers;;;;;;;1;646.872;;;;;;;;;;;;;;;;2018-02-26 13:50:02.014419
102375575;800201;2+;179;Chris Paul;13;Los Angeles Clippers;;;;;;;1;646.872;25.52;8.04;;;;;;;;Putbacks;;Jumper;;;;2018-02-26 13:50:02.014419
102375578;800202;2-;180;Jamal Crawford;13;Los Angeles Clippers;;;;;;;1;689.145;21.41;9.72;;;;;;;;Pick'n'Roll;;Jumper;;;;2018-02-26 13:50:02.014419
102375579;100300;Rebound;179;Chris Paul;13;Los Angeles Clippers;;;;;;;1;693.928;;;;;;;;;;;;;;;;2018-02-26 13:50:02.014419
102375580;800201;2+;179;Chris Paul;13;Los Angeles Clippers;;;;;;;1;693.928;23.33;7.74;;;;;;;;Putbacks;;Jumper;;;;2018-02-26 13:50:02.014419
102375582;100300;Rebound;179;Chris Paul;13;Los Angeles Clippers;;;;;;;1;713.052;;;;;;;;;;;;;;;;2018-02-26 13:50:02.014419
102375583;400101;Accurate pass;179;Chris Paul;13;Los Angeles Clippers;;;;;176;Paul Pierce;1;723.911;;;;;;;;;;;;;;;;2018-02-26 13:50:02.014419
102375584;200300;Pick'n'Roll;176;Paul Pierce;13;Los Angeles Clippers;;;;;179;Chris Paul;1;723.911;;;;;;;;;;Pick'n'pop;;;;;;2018-02-26 13:50:02.014419
102375585;800201;2+;176;Paul Pierce;13;Los Angeles Clippers;;;;;179;Chris Paul;1;723.911;24.44;7.26;;;;;;;;Pick'n'pop;;Jumper;Drives Left;;;2018-02-26 13:50:02.014419
102375587;100300;Rebound;9150;JJ Redick;13;Los Angeles Clippers;;;;;;;1;739.918;;;;;;;;;;;;;;;;2018-02-26 13:50:02.014419
102375588;800202;2-;179;Chris Paul;13;Los Angeles Clippers;;;;;;;1;753.681;22.43;4.11;;;;;;;;Isolation;;Jumper;;Quick first step;;2018-02-26 13:50:02.014419
102375591;100200;Game stop;;;;;;;;;;;1;761.988;;;;;;;;;;;;;;;;2018-02-26 13:50:02.014419
102375592;300100;Foul;175;Luc Richard Mbah a Moute;13;Los Angeles Clippers;34324;Chris Bosh;2941;Miami Heat;;;1;761.988;;;;;;;;;;;;;;;;2018-02-26 13:50:02.014419
102375597;1600500;Guard;1804;Austin Rivers;13;Los Angeles Clippers;176;Paul Pierce;13;Los Angeles Clippers;;;1;820.959;;;;;;;;;;;;;;;;2018-02-26 13:50:02.014419
102375598;1600500;Guard;99345;Josh Smith;13;Los Angeles Clippers;175;Luc Richard Mbah a Moute;13;Los Angeles Clippers;;;1;820.959;;;;;;;;;;;;;;;;2021-04-01 08:47:05.392245
102375600;100100;Ball in play;;;13;Los Angeles Clippers;;;;;;;1;823.061;;;;;;;;;;;;;;;;2019-10-24 13:30:02.700184
102375601;800302;3-;9150;JJ Redick;13;Los Angeles Clippers;;;;;;;1;835.061;20.81;3.39;;;;;;;;Hand offs;;Jumper;;;;2018-02-26 13:50:02.014419
102375604;100300;Rebound;179;Chris Paul;13;Los Angeles Clippers;;;;;;;1;843.612;;;;;;;;;;;;;;;;2018-02-26 13:50:02.014419
102375605;800202;2-;179;Chris Paul;13;Los Angeles Clippers;;;;;;;1;850.809;26.81;7.35;;;;;;;;Pick'n'Roll;;Lay up;;;;2018-02-26 13:50:02.014419
102375607;100200;Game stop;;;;;;;;;;;1;857.192;;;;;;;;;;;;;;;;2018-02-26 13:50:02.014419
102375608;1800600;Timeout;;;13;Los Angeles Clippers;;;;;;;1;857.192;;;;;;;;;;;;;;;;2018-02-26 13:50:02.014419
102375609;1600500;Guard;7503;Wesley Johnson;13;Los Angeles Clippers;9150;JJ Redick;13;Los Angeles Clippers;;;1;893.183;;;;;;;;;;;;;;;;2018-02-26 13:50:02.014419
102375610;1600500;Guard;8964;Pablo Prigioni;13;Los Angeles Clippers;179;Chris Paul;13;Los Angeles Clippers;;;1;893.183;;;;;;;;;;;;;;;;2018-02-26 13:50:02.014419
102375613;100400;Steal;99345;Josh Smith;13;Los Angeles Clippers;370640;Tyler Johnson;2941;Miami Heat;;;1;893.183;;;;;;;;;;;;;;;;2021-04-01 08:47:05.392245
102375614;100200;Game stop;;;;;;;;;;;1;919.883;;;;;;;;;;;;;;;;2018-02-26 13:50:02.014419
102375616;100100;Ball in play;;;13;Los Angeles Clippers;;;;;;;1;934.909;;;;;;;;;;;;;;;;2019-10-24 13:30:02.700184
102375620;800202;2-;1804;Austin Rivers;13;Los Angeles Clippers;;;;;;;1;969.909;24.05;8.82;;;;;;;;Hand offs;;Floater;;;;2018-02-26 13:50:02.014419
102375624;800302;3-;180;Jamal Crawford;13;Los Angeles Clippers;;;;;;;1;1004.957;20.66;3.57;;;;;;;;Catch and shoot;;Jumper;;;;2018-02-26 13:50:02.014419
102375626;100400;Steal;8964;Pablo Prigioni;13;Los Angeles Clippers;2097;Dwyane Wade;2941;Miami Heat;;;1;1021.065;;;;;;;;;;;;;;;;2018-02-26 13:50:02.014419
102375627;800302;3-;7503;Wesley Johnson;13;Los Angeles Clippers;;;;;;;1;1029.989;26.72;15.27;;;;;;;;Transition;;Jumper;;;;2018-02-26 13:50:02.014419
102375629;100200;Game stop;;;;;;;;;;;1;1029.989;;;;;;;;;;;;;;;;2018-02-26 13:50:02.014419
102375630;300100;Foul;8964;Pablo Prigioni;13;Los Angeles Clippers;2095;Hassan Whiteside;2941;Miami Heat;;;1;1029.989;;;;;;;;;;;;;;;;2018-02-26 13:50:02.014419
102375633;400101;Accurate pass;8964;Pablo Prigioni;13;Los Angeles Clippers;;;;;7503;Wesley Johnson;1;1082.456;;;;;;;;;;;;;;;;2018-02-26 13:50:02.014419
102375634;800201;2+;7503;Wesley Johnson;13;Los Angeles Clippers;;;;;8964;Pablo Prigioni;1;1082.456;24.14;10.92;;;;;;;;Cut;;Jumper;;;;2018-02-26 13:50:02.014419
102375639;800302;3-;180;Jamal Crawford;13;Los Angeles Clippers;;;;;;;1;1123.062;11.39;5.64;;;;;;;;;;Jumper;;;;2018-02-26 13:50:02.014419
102375640;100300;Rebound;;;13;Los Angeles Clippers;;;;;;;1;1123.062;;;;;;;;;;;;;;;;2018-02-26 13:50:02.014419
102375641;1800500;Halftime;;;;;;;;;;;1;1123.062;;;;;;;;;;;;;;;;2018-02-26 13:50:02.014419
102375642;1800200;2nd quarter;;;;;;;;;;;2;0.000;;;;;;;;;;;;;;;;2018-02-26 13:50:02.014419
102375643;1600500;Guard;180;Jamal Crawford;13;Los Angeles Clippers;;;;;;;2;0.000;;;;;;;;;;;;;;;;2018-02-26 13:50:02.014419
102375644;1600500;Guard;1804;Austin Rivers;13;Los Angeles Clippers;;;;;;;2;0.000;;;;;;;;;;;;;;;;2018-02-26 13:50:02.014419
102375645;1600500;Guard;7503;Wesley Johnson;13;Los Angeles Clippers;;;;;;;2;0.000;;;;;;;;;;;;;;;;2018-02-26 13:50:02.014419
102375646;1600500;Guard;8964;Pablo Prigioni;13;Los Angeles Clippers;;;;;;;2;0.000;;;;;;;;;;;;;;;;2018-02-26 13:50:02.014419
102375647;1600500;Guard;99345;Josh Smith;13;Los Angeles Clippers;;;;;;;2;0.000;;;;;;;;;;;;;;;;2021-04-01 08:47:05.392245
102375653;100100;Ball in play;;;13;Los Angeles Clippers;;;;;;;2;5.632;;;;;;;;;;;;;;;;2019-10-24 13:30:02.700184
102375654;400101;Accurate pass;99345;Josh Smith;13;Los Angeles Clippers;;;;;1804;Austin Rivers;2;15.632;;;;;;;;;;Hand offs;;;;;;2021-04-01 08:47:05.392245
102375655;800201;2+;1804;Austin Rivers;13;Los Angeles Clippers;;;;;99345;Josh Smith;2;15.632;25.82;7.62;;;;;;;;Hand offs;;Floater;;;;2018-02-26 13:50:02.014419
102375656;100400;Steal;8964;Pablo Prigioni;13;Los Angeles Clippers;370640;Tyler Johnson;2941;Miami Heat;;;2;22.976;;;;;;;;;;;;;;;;2018-02-26 13:50:02.014419
102375657;800202;2-;180;Jamal Crawford;13;Los Angeles Clippers;;;;;;;2;30.923;21.95;9.75;;;;;;;;Pick'n'Roll;;Jumper;;;;2018-02-26 13:50:02.014419
102375660;100200;Game stop;;;;;;;;;;;2;49.633;;;;;;;;;;;;;;;;2018-02-26 13:50:02.014419
102375661;300100;Foul;99345;Josh Smith;13;Los Angeles Clippers;2097;Dwyane Wade;2941;Miami Heat;;;2;49.633;;;;;;;;;;;;;;;;2021-04-01 08:47:05.392245
102375665;100100;Ball in play;;;13;Los Angeles Clippers;;;;;;;2;94.328;;;;;;;;;;;;;;;;2019-10-24 13:30:02.700184
102375666;200300;Pick'n'Roll;99345;Josh Smith;13;Los Angeles Clippers;;;;;180;Jamal Crawford;2;115.012;;;;;;;;;;;;;;;;2021-04-01 08:47:05.392245
102375667;800202;2-;99345;Josh Smith;13;Los Angeles Clippers;;;;;180;Jamal Crawford;2;115.012;26.12;9.03;;;;;;;;Pick-n-roll without a ball;;Hook;;;;2021-04-01 08:47:05.392245
102375671;200300;Pick'n'Roll;99345;Josh Smith;13;Los Angeles Clippers;;;;;8964;Pablo Prigioni;2;138.287;;;;;;;;;;;;;;;;2021-04-01 08:47:05.392245
102375672;800202;2-;99345;Josh Smith;13;Los Angeles Clippers;;;;;8964;Pablo Prigioni;2;138.287;25.37;7.62;;;;;;;;Pick-n-roll without a ball;;Hook;;;;2021-04-01 08:47:05.392245
102375675;100300;Rebound;7503;Wesley Johnson;13;Los Angeles Clippers;;;;;;;2;146.191;;;;;;;;;;;;;;;;2018-02-26 13:50:02.014419
102375676;100200;Game stop;;;;;;;;;;;2;179.632;;;;;;;;;;;;;;;;2018-02-26 13:50:02.014419
102375677;800101;1+;180;Jamal Crawford;13;Los Angeles Clippers;;;;;;;2;179.632;;;;;;;;;;;;;;;;2018-02-26 13:50:02.014419
102375678;1600500;Guard;2410;Lance Stephenson;13;Los Angeles Clippers;7503;Wesley Johnson;13;Los Angeles Clippers;;;2;202.491;;;;;;;;;;;;;;;;2018-02-26 13:50:02.014419
102375679;1600500;Guard;7660;Cole Aldrich;13;Los Angeles Clippers;99345;Josh Smith;13;Los Angeles Clippers;;;2;202.491;;;;;;;;;;;;;;;;2018-02-26 13:50:02.014419
102375680;100100;Ball in play;;;13;Los Angeles Clippers;;;;;;;2;202.491;;;;;;;;;;;;;;;;2019-10-24 13:30:02.700184
102375681;800202;2-;1804;Austin Rivers;13;Los Angeles Clippers;;;;;;;2;202.491;24.05;4.86;;;;;;;;Pick'n'Roll;;Jumper;;;;2018-02-26 13:50:02.014419
102375683;100400;Steal;8964;Pablo Prigioni;13;Los Angeles Clippers;2097;Dwyane Wade;2941;Miami Heat;;;2;207.459;;;;;;;;;;;;;;;;2018-02-26 13:50:02.014419
102375684;100200;Game stop;;;;;;;;;;;2;211.813;;;;;;;;;;;;;;;;2018-02-26 13:50:02.014419
102375686;100100;Ball in play;;;13;Los Angeles Clippers;;;;;;;2;227.103;;;;;;;;;;;;;;;;2019-10-24 13:30:02.700184
102375687;800202;2-;180;Jamal Crawford;13;Los Angeles Clippers;;;;;;;2;236.103;23.03;9.60;;;;;;;;Hand offs;;Jumper;;;;2018-02-26 13:50:02.014419
102375692;200300;Pick'n'Roll;7660;Cole Aldrich;13;Los Angeles Clippers;;;;;8964;Pablo Prigioni;2;260.864;;;;;;;;;;;;;;;;2018-02-26 13:50:02.014419
102375693;800202;2-;7660;Cole Aldrich;13;Los Angeles Clippers;;;;;8964;Pablo Prigioni;2;260.864;25.34;7.32;;;;;;;;Pick-n-roll without a ball;;Hook;;;;2018-02-26 13:50:02.014419
102375696;100300;Rebound;180;Jamal Crawford;13;Los Angeles Clippers;;;;;;;2;278.159;;;;;;;;;;;;;;;;2018-02-26 13:50:02.014419
102375697;800201;2+;180;Jamal Crawford;13;Los Angeles Clippers;;;;;;;2;292.212;25.34;6.96;;;;;;;;Hand offs;;Hook;;;;2018-02-26 13:50:02.014419
102375699;100200;Game stop;;;;;;;;;;;2;320.589;;;;;;;;;;;;;;;;2018-02-26 13:50:02.014419
102375700;300100;Foul;1804;Austin Rivers;13;Los Angeles Clippers;2097;Dwyane Wade;2941;Miami Heat;;;2;320.589;;;;;;;;;;;;;;;;2018-02-26 13:50:02.014419
102375701;1800600;Timeout;;;;;;;;;;;2;320.589;;;;;;;;;;;;;;;;2018-02-26 13:50:02.014419
102375702;1600500;Guard;179;Chris Paul;13;Los Angeles Clippers;1804;Austin Rivers;13;Los Angeles Clippers;;;2;357.263;;;;;;;;;;;;;;;;2018-02-26 13:50:02.014419
102375703;1600500;Guard;9150;JJ Redick;13;Los Angeles Clippers;8964;Pablo Prigioni;13;Los Angeles Clippers;;;2;357.263;;;;;;;;;;;;;;;;2018-02-26 13:50:02.014419
102375709;100300;Rebound;7660;Cole Aldrich;13;Los Angeles Clippers;;;;;;;2;363.715;;;;;;;;;;;;;;;;2018-02-26 13:50:02.014419
102375710;800202;2-;7660;Cole Aldrich;13;Los Angeles Clippers;;;;;;;2;379.051;27.05;9.90;;;;;;;;Cut;;Hook;;;;2018-02-26 13:50:02.014419
102375711;100300;Rebound;2410;Lance Stephenson;13;Los Angeles Clippers;;;;;;;2;380.990;;;;;;;;;;;;;;;;2018-02-26 13:50:02.014419
102375712;800201;2+;2410;Lance Stephenson;13;Los Angeles Clippers;;;;;;;2;380.990;26.42;7.83;;;;;;;;Putbacks;;Lay up;;;;2018-02-26 13:50:02.014419
102375713;100200;Game stop;;;;;;;;;;;2;393.785;;;;;;;;;;;;;;;;2018-02-26 13:50:02.014419
102375714;300100;Foul;180;Jamal Crawford;13;Los Angeles Clippers;7479;Luol Deng;2941;Miami Heat;;;2;393.785;;;;;;;;;;;;;;;;2018-02-26 13:50:02.014419
102375719;400101;Accurate pass;179;Chris Paul;13;Los Angeles Clippers;;;;;9150;JJ Redick;2;443.987;;;;;;;;;;;;;;;;2018-02-26 13:50:02.014419
102375720;800301;3+;9150;JJ Redick;13;Los Angeles Clippers;;;;;179;Chris Paul;2;443.987;27.62;14.73;;;;;;;;Screen off;;Jumper;;;;2018-02-26 13:50:02.014419
102375723;100200;Game stop;;;;;;;;;;;2;480.972;;;;;;;;;;;;;;;;2018-02-26 13:50:02.014419
102375727;1600500;Guard;176;Paul Pierce;13;Los Angeles Clippers;180;Jamal Crawford;13;Los Angeles Clippers;;;2;519.296;;;;;;;;;;;;;;;;2018-02-26 13:50:02.014419
102375728;1600500;Guard;175;Luc Richard Mbah a Moute;13;Los Angeles Clippers;2410;Lance Stephenson;13;Los Angeles Clippers;;;2;519.296;;;;;;;;;;;;;;;;2018-02-26 13:50:02.014419
102375730;100100;Ball in play;;;13;Los Angeles Clippers;;;;;;;2;519.296;;;;;;;;;;;;;;;;2019-10-24 13:30:02.700184
102375731;800202;2-;179;Chris Paul;13;Los Angeles Clippers;;;;;;;2;519.296;24.50;11.19;;;;;;;;Pick'n'Roll;;Jumper;;;;2018-02-26 13:50:02.014419
102375735;100200;Game stop;;;;;;;;;;;2;545.577;;;;;;;;;;;;;;;;2018-02-26 13:50:02.014419
102375736;1800600;Timeout;;;13;Los Angeles Clippers;;;;;;;2;545.577;;;;;;;;;;;;;;;;2018-02-26 13:50:02.014419
102375737;100100;Ball in play;;;13;Los Angeles Clippers;;;;;;;2;569.906;;;;;;;;;;;;;;;;2019-10-24 13:30:02.700184
102375738;400101;Accurate pass;179;Chris Paul;13;Los Angeles Clippers;;;;;9150;JJ Redick;2;583.906;;;;;;;;;;;;;;;;2018-02-26 13:50:02.014419
102375739;800201;2+;9150;JJ Redick;13;Los Angeles Clippers;;;;;179;Chris Paul;2;583.906;22.52;11.61;;;;;;;;Screen off;;Jumper;;;;2018-02-26 13:50:02.014419
102375742;800302;3-;9150;JJ Redick;13;Los Angeles Clippers;;;;;;;2;626.118;26.84;14.76;;;;;;;;Catch and shoot;;Jumper;;;;2018-02-26 13:50:02.014419
102375746;400101;Accurate pass;7660;Cole Aldrich;13;Los Angeles Clippers;;;;;9150;JJ Redick;2;652.418;;;;;;;;;;Hand offs;;;;;;2018-02-26 13:50:02.014419
102375747;800201;2+;9150;JJ Redick;13;Los Angeles Clippers;;;;;7660;Cole Aldrich;2;652.418;22.28;10.80;;;;;;;;Hand offs;;Jumper;;;;2018-02-26 13:50:02.014419
102375750;400101;Accurate pass;9150;JJ Redick;13;Los Angeles Clippers;;;;;176;Paul Pierce;2;689.788;;;;;;;;;;;;;;;;2018-02-26 13:50:02.014419
102375751;800301;3+;176;Paul Pierce;13;Los Angeles Clippers;;;;;9150;JJ Redick;2;689.788;26.66;0.78;;;;;;;;Catch and shoot;;Jumper;;;;2018-02-26 13:50:02.014419
102375752;100200;Game stop;;;;;;;;;;;2;689.788;;;;;;;;;;;;;;;;2018-02-26 13:50:02.014419
102375756;100300;Rebound;176;Paul Pierce;13;Los Angeles Clippers;;;;;;;2;730.905;;;;;;;;;;;;;;;;2018-02-26 13:50:02.014419
102375757;800302;3-;176;Paul Pierce;13;Los Angeles Clippers;;;;;;;2;739.632;19.28;7.89;;;;;;;;Transition;;Jumper;;;;2018-02-26 13:50:02.014419
102375760;100300;Rebound;175;Luc Richard Mbah a Moute;13;Los Angeles Clippers;;;;;;;2;745.812;;;;;;;;;;;;;;;;2018-02-26 13:50:02.014419
102375761;400101;Accurate pass;9150;JJ Redick;13;Los Angeles Clippers;;;;;176;Paul Pierce;2;767.566;;;;;;;;;;;;;;;;2018-02-26 13:50:02.014419
102375762;800201;2+;176;Paul Pierce;13;Los Angeles Clippers;;;;;9150;JJ Redick;2;767.566;23.75;7.11;;;;;;;;Catch and Drive;;Jumper;Drives Left;;;2018-02-26 13:50:02.014419
102375765;400101;Accurate pass;179;Chris Paul;13;Los Angeles Clippers;;;;;176;Paul Pierce;2;801.015;;;;;;;;;;;;;;;;2018-02-26 13:50:02.014419
102375766;800301;3+;176;Paul Pierce;13;Los Angeles Clippers;;;;;179;Chris Paul;2;801.015;26.12;0.12;;;;;;;;Screen off;;Jumper;;;;2018-02-26 13:50:02.014419
102375769;800202;2-;179;Chris Paul;13;Los Angeles Clippers;;;;;;;2;835.057;24.05;4.11;;;;;;;;Pick'n'Roll;;Jumper;;;;2018-02-26 13:50:02.014419
102375772;100300;Rebound;175;Luc Richard Mbah a Moute;13;Los Angeles Clippers;;;;;;;2;850.064;;;;;;;;;;;;;;;;2018-02-26 13:50:02.014419
102375773;400101;Accurate pass;179;Chris Paul;13;Los Angeles Clippers;;;;;7660;Cole Aldrich;2;866.373;;;;;;;;;;;;;;;;2018-02-26 13:50:02.014419
102375774;200300;Pick'n'Roll;7660;Cole Aldrich;13;Los Angeles Clippers;;;;;179;Chris Paul;2;866.373;;;;;;;;;;;;;;;;2018-02-26 13:50:02.014419
102375775;800400;2+1;7660;Cole Aldrich;13;Los Angeles Clippers;;;;;179;Chris Paul;2;866.373;25.67;7.35;;;;;;;;Pick-n-roll without a ball;;Hook;;;;2018-02-26 13:50:02.014419
102375776;100200;Game stop;;;;;;;;;;;2;866.373;;;;;;;;;;;;;;;;2018-02-26 13:50:02.014419
102375780;800102;1-;7660;Cole Aldrich;13;Los Angeles Clippers;2095;Hassan Whiteside;2941;Miami Heat;;;2;900.980;;;;;;;;;;;;;;;;2018-02-26 13:50:02.014419
102375784;100200;Game stop;;;;;;;;;;;2;916.887;;;;;;;;;;;;;;;;2018-02-26 13:50:02.014419
102375786;300100;Foul;176;Paul Pierce;13;Los Angeles Clippers;7479;Luol Deng;2941;Miami Heat;;;2;916.887;;;;;;;;;;;;;;;;2018-02-26 13:50:02.014419
102375787;1600500;Guard;7503;Wesley Johnson;13;Los Angeles Clippers;7660;Cole Aldrich;13;Los Angeles Clippers;;;2;950.435;;;;;;;;;;;;;;;;2018-02-26 13:50:02.014419
102375788;100100;Ball in play;;;13;Los Angeles Clippers;;;;;;;2;950.435;;;;;;;;;;;;;;;;2019-10-24 13:30:02.700184
102375789;800302;3-;7503;Wesley Johnson;13;Los Angeles Clippers;;;;;;;2;950.435;25.10;0.39;;;;;;;;Transition;;Jumper;;;;2018-02-26 13:50:02.014419
102375790;100300;Rebound;176;Paul Pierce;13;Los Angeles Clippers;;;;;;;2;953.839;;;;;;;;;;;;;;;;2018-02-26 13:50:02.014419
102375791;800202;2-;179;Chris Paul;13;Los Angeles Clippers;;;;;;;2;966.964;21.98;6.03;;;;;;;;Isolation;;Jumper;;Quick first step;;2018-02-26 13:50:02.014419
102375793;100200;Game stop;;;;;;;;;;;2;982.626;;;;;;;;;;;;;;;;2018-02-26 13:50:02.014419
102375796;100100;Ball in play;;;13;Los Angeles Clippers;;;;;;;2;997.957;;;;;;;;;;;;;;;;2019-10-24 13:30:02.700184
102375797;800202;2-;9150;JJ Redick;13;Los Angeles Clippers;;;;;;;2;1011.357;26.21;7.56;;;;;;;;Screen off;;Floater;;;;2018-02-26 13:50:02.014419
102375800;100200;Game stop;;;;;;;;;;;2;1019.091;;;;;;;;;;;;;;;;2018-02-26 13:50:02.014419
102375801;300100;Foul;7503;Wesley Johnson;13;Los Angeles Clippers;2097;Dwyane Wade;2941;Miami Heat;;;2;1019.091;;;;;;;;;;;;;;;;2018-02-26 13:50:02.014419
102375802;1800600;Timeout;;;13;Los Angeles Clippers;;;;;;;2;1019.091;;;;;;;;;;;;;;;;2018-02-26 13:50:02.014419
102375804;1600500;Guard;180;Jamal Crawford;13;Los Angeles Clippers;176;Paul Pierce;13;Los Angeles Clippers;;;2;1079.911;;;;;;;;;;;;;;;;2018-02-26 13:50:02.014419
102375807;100100;Ball in play;;;13;Los Angeles Clippers;;;;;;;2;1079.911;;;;;;;;;;;;;;;;2019-10-24 13:30:02.700184
102375808;100300;Rebound;175;Luc Richard Mbah a Moute;13;Los Angeles Clippers;;;;;;;2;1079.911;;;;;;;;;;;;;;;;2018-02-26 13:50:02.014419
102375809;400101;Accurate pass;179;Chris Paul;13;Los Angeles Clippers;;;;;175;Luc Richard Mbah a Moute;2;1088.958;;;;;;;;;;;;;;;;2018-02-26 13:50:02.014419
102375810;200300;Pick'n'Roll;175;Luc Richard Mbah a Moute;13;Los Angeles Clippers;;;;;179;Chris Paul;2;1088.958;;;;;;;;;;;;;;;;2018-02-26 13:50:02.014419
102375811;800201;2+;175;Luc Richard Mbah a Moute;13;Los Angeles Clippers;;;;;179;Chris Paul;2;1088.958;26.72;8.34;;;;;;;;Pick-n-roll without a ball;;;;;;2018-02-26 13:50:02.014419
102375812;100200;Game stop;;;;;;;;;;;2;1100.578;;;;;;;;;;;;;;;;2018-02-26 13:50:02.014419
102375815;1600500;Guard;1804;Austin Rivers;13;Los Angeles Clippers;180;Jamal Crawford;13;Los Angeles Clippers;;;2;1140.573;;;;;;;;;;;;;;;;2018-02-26 13:50:02.014419
102375816;1600500;Guard;99345;Josh Smith;13;Los Angeles Clippers;7503;Wesley Johnson;13;Los Angeles Clippers;;;2;1140.573;;;;;;;;;;;;;;;;2021-04-01 08:47:05.392245
102375818;100200;Game stop;;;;;;;;;;;2;1140.573;;;;;;;;;;;;;;;;2018-02-26 13:50:02.014419
102375820;1600500;Guard;180;Jamal Crawford;13;Los Angeles Clippers;175;Luc Richard Mbah a Moute;13;Los Angeles Clippers;;;2;1179.631;;;;;;;;;;;;;;;;2018-02-26 13:50:02.014419
102375822;100100;Ball in play;;;13;Los Angeles Clippers;;;;;;;2;1179.631;;;;;;;;;;;;;;;;2019-10-24 13:30:02.700184
102375823;800201;2+;179;Chris Paul;13;Los Angeles Clippers;;;;;;;2;1179.631;24.05;5.16;;;;;;;;Pick'n'Roll;;Jumper;;;;2018-02-26 13:50:02.014419
102375826;1800500;Halftime;;;;;;;;;;;2;1186.248;;;;;;;;;;;;;;;;2018-02-26 13:50:02.014419
102375827;1800300;3rd quarter;;;;;;;;;;;3;0.000;;;;;;;;;;;;;;;;2018-02-26 13:50:02.014419
102375828;1600500;Guard;175;Luc Richard Mbah a Moute;13;Los Angeles Clippers;;;;;;;3;0.000;;;;;;;;;;;;;;;;2018-02-26 13:50:02.014419
102375829;1600500;Guard;176;Paul Pierce;13;Los Angeles Clippers;;;;;;;3;0.000;;;;;;;;;;;;;;;;2018-02-26 13:50:02.014419
102375830;1600500;Guard;179;Chris Paul;13;Los Angeles Clippers;;;;;;;3;0.000;;;;;;;;;;;;;;;;2018-02-26 13:50:02.014419
102375831;1600500;Guard;7660;Cole Aldrich;13;Los Angeles Clippers;;;;;;;3;0.000;;;;;;;;;;;;;;;;2018-02-26 13:50:02.014419
102375832;1600500;Guard;9150;JJ Redick;13;Los Angeles Clippers;;;;;;;3;0.000;;;;;;;;;;;;;;;;2018-02-26 13:50:02.014419
102375838;100100;Ball in play;;;13;Los Angeles Clippers;;;;;;;3;0.000;;;;;;;;;;;;;;;;2019-10-24 13:30:02.700184
102375839;400101;Accurate pass;7660;Cole Aldrich;13;Los Angeles Clippers;;;;;9150;JJ Redick;3;15.574;;;;;;;;;;Hand offs;;;;;;2018-02-26 13:50:02.014419
102375840;800201;2+;9150;JJ Redick;13;Los Angeles Clippers;;;;;7660;Cole Aldrich;3;15.574;24.65;4.47;;;;;;;;Hand offs;;Jumper;;;;2018-02-26 13:50:02.014419
102375842;100300;Rebound;175;Luc Richard Mbah a Moute;13;Los Angeles Clippers;;;;;;;3;43.014;;;;;;;;;;;;;;;;2018-02-26 13:50:02.014419
102375843;200300;Pick'n'Roll;7660;Cole Aldrich;13;Los Angeles Clippers;;;;;;;3;62.413;;;;;;;;;;;;;;;;2018-02-26 13:50:02.014419
102375844;800600;2F;7660;Cole Aldrich;13;Los Angeles Clippers;34324;Chris Bosh;2941;Miami Heat;;;3;62.413;27.05;7.62;;;;;;;;Pick-n-roll without a ball;;;;;;2018-02-26 13:50:02.014419
102375845;100200;Game stop;;;;;;;;;;;3;62.413;;;;;;;;;;;;;;;;2018-02-26 13:50:02.014419
102375847;800101;1+;7660;Cole Aldrich;13;Los Angeles Clippers;34324;Chris Bosh;2941;Miami Heat;;;3;86.851;;;;;;;;;;;;;;;;2018-02-26 13:50:02.014419
102375848;800101;1+;7660;Cole Aldrich;13;Los Angeles Clippers;34324;Chris Bosh;2941;Miami Heat;;;3;99.669;;;;;;;;;;;;;;;;2018-02-26 13:50:02.014419
102375851;100300;Rebound;176;Paul Pierce;13;Los Angeles Clippers;;;;;;;3;122.273;;;;;;;;;;;;;;;;2018-02-26 13:50:02.014419
102375852;400101;Accurate pass;179;Chris Paul;13;Los Angeles Clippers;;;;;7660;Cole Aldrich;3;129.997;;;;;;;;;;;;;;;;2018-02-26 13:50:02.014419
102375853;200300;Pick'n'Roll;7660;Cole Aldrich;13;Los Angeles Clippers;;;;;179;Chris Paul;3;129.997;;;;;;;;;;;;;;;;2018-02-26 13:50:02.014419
102375854;800201;2+;7660;Cole Aldrich;13;Los Angeles Clippers;;;;;179;Chris Paul;3;129.997;27.02;7.62;;;;;;;;Pick-n-roll without a ball;;;;;;2018-02-26 13:50:02.014419
102375855;100200;Game stop;;;;;;;;;;;3;149.513;;;;;;;;;;;;;;;;2018-02-26 13:50:02.014419
102375856;300100;Foul;176;Paul Pierce;13;Los Angeles Clippers;7479;Luol Deng;2941;Miami Heat;;;3;149.513;;;;;;;;;;;;;;;;2018-02-26 13:50:02.014419
102375860;100300;Rebound;179;Chris Paul;13;Los Angeles Clippers;;;;;;;3;192.264;;;;;;;;;;;;;;;;2018-02-26 13:50:02.014419
102375861;200600;Post;7660;Cole Aldrich;13;Los Angeles Clippers;;;;;;;3;202.115;;;;;;;;;;;;;;;;2018-02-26 13:50:02.014419
102375862;800202;2-;7660;Cole Aldrich;13;Los Angeles Clippers;7479;Luol Deng;2941;Miami Heat;;;3;202.115;26.60;7.32;;;;;;;;Post;;Lay up;;;;2018-02-26 13:50:02.014419
102375863;100300;Rebound;7660;Cole Aldrich;13;Los Angeles Clippers;;;;;;;3;203.845;;;;;;;;;;;;;;;;2018-02-26 13:50:02.014419
102375864;800201;2+;7660;Cole Aldrich;13;Los Angeles Clippers;;;;;;;3;203.845;25.82;7.68;;;;;;;;Putbacks;;Hook;;;;2018-02-26 13:50:02.014419
102375865;100200;Game stop;;;;;;;;;;;3;203.845;;;;;;;;;;;;;;;;2018-02-26 13:50:02.014419
102375869;100300;Rebound;176;Paul Pierce;13;Los Angeles Clippers;;;;;;;3;262.932;;;;;;;;;;;;;;;;2018-02-26 13:50:02.014419
102375870;400101;Accurate pass;175;Luc Richard Mbah a Moute;13;Los Angeles Clippers;;;;;179;Chris Paul;3;278.435;;;;;;;;;;;;;;;;2018-02-26 13:50:02.014419
102375871;800301;3+;179;Chris Paul;13;Los Angeles Clippers;;;;;175;Luc Richard Mbah a Moute;3;278.435;19.73;7.11;;;;;;;;Catch and shoot;;Jumper;;;;2018-02-26 13:50:02.014419
102375873;100300;Rebound;176;Paul Pierce;13;Los Angeles Clippers;;;;;;;3;296.000;;;;;;;;;;;;;;;;2018-02-26 13:50:02.014419
102375874;200300;Pick'n'Roll;7660;Cole Aldrich;13;Los Angeles Clippers;;;;;;;3;304.662;;;;;;;;;;;;;;;;2018-02-26 13:50:02.014419
102375875;800600;2F;7660;Cole Aldrich;13;Los Angeles Clippers;8592;Beno Udrih;2941;Miami Heat;;;3;304.662;27.05;7.62;;;;;;;;Pick-n-roll without a ball;;;;;;2018-02-26 13:50:02.014419
102375876;100200;Game stop;;;;;;;;;;;3;304.662;;;;;;;;;;;;;;;;2018-02-26 13:50:02.014419
102375878;800101;1+;7660;Cole Aldrich;13;Los Angeles Clippers;8592;Beno Udrih;2941;Miami Heat;;;3;325.506;;;;;;;;;;;;;;;;2018-02-26 13:50:02.014419
102375879;800101;1+;7660;Cole Aldrich;13;Los Angeles Clippers;8592;Beno Udrih;2941;Miami Heat;;;3;337.727;;;;;;;;;;;;;;;;2018-02-26 13:50:02.014419
102375883;400101;Accurate pass;7660;Cole Aldrich;13;Los Angeles Clippers;;;;;9150;JJ Redick;3;376.201;;;;;;;;;;Hand offs;;;;;;2018-02-26 13:50:02.014419
102375884;800301;3+;9150;JJ Redick;13;Los Angeles Clippers;;;;;7660;Cole Aldrich;3;376.201;26.84;0.27;;;;;;;;Hand offs;;Jumper;;;;2018-02-26 13:50:02.014419
102375887;400101;Accurate pass;179;Chris Paul;13;Los Angeles Clippers;;;;;176;Paul Pierce;3;413.650;;;;;;;;;;;;;;;;2018-02-26 13:50:02.014419
102375888;200300;Pick'n'Roll;176;Paul Pierce;13;Los Angeles Clippers;;;;;179;Chris Paul;3;413.650;;;;;;;;;;;;;;;;2018-02-26 13:50:02.014419
102375889;800301;3+;176;Paul Pierce;13;Los Angeles Clippers;;;;;179;Chris Paul;3;413.650;19.19;7.62;;;;;;;;Pick-n-roll without a ball;;Jumper;;;;2018-02-26 13:50:02.014419
102375892;100300;Rebound;176;Paul Pierce;13;Los Angeles Clippers;;;;;;;3;433.125;;;;;;;;;;;;;;;;2018-02-26 13:50:02.014419
102375893;800201;2+;179;Chris Paul;13;Los Angeles Clippers;;;;;;;3;441.339;25.76;4.56;;;;;;;;Pick'n'Roll;;Jumper;;;;2018-02-26 13:50:02.014419
102375894;100200;Game stop;;;;;;;;;;;3;441.339;;;;;;;;;;;;;;;;2018-02-26 13:50:02.014419
102375899;100300;Rebound;176;Paul Pierce;13;Los Angeles Clippers;;;;;;;3;481.155;;;;;;;;;;;;;;;;2018-02-26 13:50:02.014419
102375900;800600;2F;7660;Cole Aldrich;13;Los Angeles Clippers;2095;Hassan Whiteside;2941;Miami Heat;;;3;490.521;27.05;7.62;;;;;;;;Cut;;;;;;2018-02-26 13:50:02.014419
102375901;100200;Game stop;;;;;;;;;;;3;490.521;;;;;;;;;;;;;;;;2018-02-26 13:50:02.014419
102375903;800102;1-;7660;Cole Aldrich;13;Los Angeles Clippers;2095;Hassan Whiteside;2941;Miami Heat;;;3;518.281;;;;;;;;;;;;;;;;2018-02-26 13:50:02.014419
102375904;100300;Rebound;;;13;Los Angeles Clippers;;;;;;;3;518.281;;;;;;;;;;;;;;;;2018-02-26 13:50:02.014419
102375906;800101;1+;7660;Cole Aldrich;13;Los Angeles Clippers;2095;Hassan Whiteside;2941;Miami Heat;;;3;533.653;;;;;;;;;;;;;;;;2018-02-26 13:50:02.014419
102375908;100200;Game stop;;;;;;;;;;;3;546.066;;;;;;;;;;;;;;;;2018-02-26 13:50:02.014419
102375909;300100;Foul;175;Luc Richard Mbah a Moute;13;Los Angeles Clippers;34324;Chris Bosh;2941;Miami Heat;;;3;546.066;;;;;;;;;;;;;;;;2018-02-26 13:50:02.014419
102375912;100300;Rebound;7660;Cole Aldrich;13;Los Angeles Clippers;;;;;;;3;567.948;;;;;;;;;;;;;;;;2018-02-26 13:50:02.014419
102375913;800202;2-;7660;Cole Aldrich;13;Los Angeles Clippers;;;;;179;Chris Paul;3;580.129;26.42;7.80;;;;;;;;Cut;;Lay up;;;;2018-02-26 13:50:02.014419
102375914;100300;Rebound;7660;Cole Aldrich;13;Los Angeles Clippers;;;;;;;3;582.665;;;;;;;;;;;;;;;;2018-02-26 13:50:02.014419
102375915;800201;2+;7660;Cole Aldrich;13;Los Angeles Clippers;;;;;;;3;582.665;25.82;7.98;;;;;;;;Putbacks;;Hook;;;;2018-02-26 13:50:02.014419
102375918;800302;3-;176;Paul Pierce;13;Los Angeles Clippers;;;;;;;3;620.827;20.09;4.35;;;;;;;;Pick'n'Roll;;Jumper;;;;2018-02-26 13:50:02.014419
102375920;100200;Game stop;;;;;;;;;;;3;631.244;;;;;;;;;;;;;;;;2018-02-26 13:50:02.014419
102375921;300100;Foul;176;Paul Pierce;13;Los Angeles Clippers;2095;Hassan Whiteside;2941;Miami Heat;;;3;631.244;;;;;;;;;;;;;;;;2018-02-26 13:50:02.014419
102375922;1600500;Guard;180;Jamal Crawford;13;Los Angeles Clippers;176;Paul Pierce;13;Los Angeles Clippers;;;3;687.625;;;;;;;;;;;;;;;;2018-02-26 13:50:02.014419
102375926;800202;2-;179;Chris Paul;13;Los Angeles Clippers;370640;Tyler Johnson;2941;Miami Heat;;;3;705.407;26.93;7.17;;;;;;;;Pick'n'Roll;;Lay up;;;;2018-02-26 13:50:02.014419
102375927;100300;Rebound;7660;Cole Aldrich;13;Los Angeles Clippers;;;;;;;3;707.164;;;;;;;;;;;;;;;;2018-02-26 13:50:02.014419
102375928;400101;Accurate pass;179;Chris Paul;13;Los Angeles Clippers;;;;;7660;Cole Aldrich;3;711.754;;;;;;;;;;;;;;;;2018-02-26 13:50:02.014419
102375929;200300;Pick'n'Roll;7660;Cole Aldrich;13;Los Angeles Clippers;;;;;179;Chris Paul;3;711.754;;;;;;;;;;;;;;;;2018-02-26 13:50:02.014419
102375930;800201;2+;7660;Cole Aldrich;13;Los Angeles Clippers;;;;;179;Chris Paul;3;711.754;25.49;7.98;;;;;;;;Pick-n-roll without a ball;;Hook;;;;2018-02-26 13:50:02.014419
102375932;100200;Game stop;;;;;;;;;;;3;755.783;;;;;;;;;;;;;;;;2018-02-26 13:50:02.014419
102375933;300100;Foul;9150;JJ Redick;13;Los Angeles Clippers;2095;Hassan Whiteside;2941;Miami Heat;;;3;755.783;;;;;;;;;;;;;;;;2018-02-26 13:50:02.014419
102375937;1600500;Guard;7503;Wesley Johnson;13;Los Angeles Clippers;9150;JJ Redick;13;Los Angeles Clippers;;;3;801.005;;;;;;;;;;;;;;;;2018-02-26 13:50:02.014419
102375939;100100;Ball in play;;;13;Los Angeles Clippers;;;;;;;3;802.733;;;;;;;;;;;;;;;;2019-10-24 13:30:02.700184
102375940;800202;2-;175;Luc Richard Mbah a Moute;13;Los Angeles Clippers;2095;Hassan Whiteside;2941;Miami Heat;;;3;819.733;26.57;7.35;;;;;;;;Cut;;Lay up;;;;2018-02-26 13:50:02.014419
102375943;100300;Rebound;180;Jamal Crawford;13;Los Angeles Clippers;;;;;;;3;834.902;;;;;;;;;;;;;;;;2018-02-26 13:50:02.014419
102375944;100200;Game stop;;;;;;;;;;;3;845.034;;;;;;;;;;;;;;;;2018-02-26 13:50:02.014419
102375946;1600500;Guard;1804;Austin Rivers;13;Los Angeles Clippers;175;Luc Richard Mbah a Moute;13;Los Angeles Clippers;;;3;874.296;;;;;;;;;;;;;;;;2018-02-26 13:50:02.014419
102375947;100100;Ball in play;;;13;Los Angeles Clippers;;;;;;;3;874.296;;;;;;;;;;;;;;;;2019-10-24 13:30:02.700184
102375948;800600;2F;179;Chris Paul;13;Los Angeles Clippers;370640;Tyler Johnson;2941;Miami Heat;;;3;874.296;27.05;7.62;;;;;;;;Pick'n'Roll;;Jumper;;Quick first step;;2018-02-26 13:50:02.014419
102375949;100200;Game stop;;;;;;;;;;;3;874.296;;;;;;;;;;;;;;;;2018-02-26 13:50:02.014419
102375951;800101;1+;179;Chris Paul;13;Los Angeles Clippers;370640;Tyler Johnson;2941;Miami Heat;;;3;899.657;;;;;;;;;;;;;;;;2018-02-26 13:50:02.014419
102375952;800102;1-;179;Chris Paul;13;Los Angeles Clippers;370640;Tyler Johnson;2941;Miami Heat;;;3;914.311;;;;;;;;;;;;;;;;2018-02-26 13:50:02.014419
102375953;100100;Ball in play;;;13;Los Angeles Clippers;;;;;;;3;918.922;;;;;;;;;;;;;;;;2019-10-24 13:30:02.700184
102375954;100300;Rebound;7660;Cole Aldrich;13;Los Angeles Clippers;;;;;;;3;919.922;;;;;;;;;;;;;;;;2018-02-26 13:50:02.014419
102375955;800202;2-;7660;Cole Aldrich;13;Los Angeles Clippers;2095;Hassan Whiteside;2941;Miami Heat;;;3;919.922;26.27;7.83;;;;;;;;Putbacks;;Hook;;;;2018-02-26 13:50:02.014419
102375956;100200;Game stop;;;;;;;;;;;3;919.922;;;;;;;;;;;;;;;;2018-02-26 13:50:02.014419
102375957;100300;Rebound;;;13;Los Angeles Clippers;;;;;;;3;919.922;;;;;;;;;;;;;;;;2018-02-26 13:50:02.014419
102375958;100100;Ball in play;;;13;Los Angeles Clippers;;;;;;;3;940.163;;;;;;;;;;;;;;;;2019-10-24 13:30:02.700184
102375959;800202;2-;179;Chris Paul;13;Los Angeles Clippers;;;;;;;3;955.163;22.43;8.04;;;;;;;;Pick'n'Roll;;Jumper;;;;2018-02-26 13:50:02.014419
102375962;100200;Game stop;;;;;;;;;;;3;974.745;;;;;;;;;;;;;;;;2018-02-26 13:50:02.014419
102375963;1800600;Timeout;;;13;Los Angeles Clippers;;;;;;;3;974.745;;;;;;;;;;;;;;;;2018-02-26 13:50:02.014419
102375964;100100;Ball in play;;;13;Los Angeles Clippers;;;;;;;3;998.809;;;;;;;;;;;;;;;;2019-10-24 13:30:02.700184
102375967;100200;Game stop;;;;;;;;;;;3;1009.132;;;;;;;;;;;;;;;;2018-02-26 13:50:02.014419
102375968;300100;Foul;1804;Austin Rivers;13;Los Angeles Clippers;2100;Gerald Green;2941;Miami Heat;;;3;1009.132;;;;;;;;;;;;;;;;2018-02-26 13:50:02.014419
102375973;100400;Steal;179;Chris Paul;13;Los Angeles Clippers;370640;Tyler Johnson;2941;Miami Heat;;;3;1094.875;;;;;;;;;;;;;;;;2018-02-26 13:50:02.014419
102375974;800600;2F;180;Jamal Crawford;13;Los Angeles Clippers;2095;Hassan Whiteside;2941;Miami Heat;;;3;1107.254;27.05;7.62;;;;;;;;Pick'n'Roll;;;;;;2018-02-26 13:50:02.014419
102375975;100200;Game stop;;;;;;;;;;;3;1107.254;;;;;;;;;;;;;;;;2018-02-26 13:50:02.014419
102375977;800101;1+;180;Jamal Crawford;13;Los Angeles Clippers;2095;Hassan Whiteside;2941;Miami Heat;;;3;1135.237;;;;;;;;;;;;;;;;2018-02-26 13:50:02.014419
102375978;800101;1+;180;Jamal Crawford;13;Los Angeles Clippers;2095;Hassan Whiteside;2941;Miami Heat;;;3;1154.374;;;;;;;;;;;;;;;;2018-02-26 13:50:02.014419
102375981;100200;Game stop;;;;;;;;;;;3;1175.618;;;;;;;;;;;;;;;;2018-02-26 13:50:02.014419
102375982;300100;Foul;179;Chris Paul;13;Los Angeles Clippers;2095;Hassan Whiteside;2941;Miami Heat;;;3;1175.618;;;;;;;;;;;;;;;;2018-02-26 13:50:02.014419
102375984;1600500;Guard;99345;Josh Smith;13;Los Angeles Clippers;7660;Cole Aldrich;13;Los Angeles Clippers;;;3;1230.491;;;;;;;;;;;;;;;;2021-04-01 08:47:05.392245
102375985;1600500;Guard;8964;Pablo Prigioni;13;Los Angeles Clippers;179;Chris Paul;13;Los Angeles Clippers;;;3;1230.491;;;;;;;;;;;;;;;;2018-02-26 13:50:02.014419
102375987;100100;Ball in play;;;13;Los Angeles Clippers;;;;;;;3;1230.629;;;;;;;;;;;;;;;;2019-10-24 13:30:02.700184
102375988;400101;Accurate pass;180;Jamal Crawford;13;Los Angeles Clippers;;;;;99345;Josh Smith;3;1244.629;;;;;;;;;;;;;;;;2018-02-26 13:50:02.014419
102375989;800201;2+;99345;Josh Smith;13;Los Angeles Clippers;;;;;180;Jamal Crawford;3;1244.629;25.82;9.90;;;;;;;;Cut;;Hook;;;;2021-04-01 08:47:05.392245
102375990;100200;Game stop;;;;;;;;;;;3;1258.473;;;;;;;;;;;;;;;;2018-02-26 13:50:02.014419
102375992;100100;Ball in play;;;13;Los Angeles Clippers;;;;;;;3;1264.989;;;;;;;;;;;;;;;;2019-10-24 13:30:02.700184
102375993;800202;2-;180;Jamal Crawford;13;Los Angeles Clippers;;;;;;;3;1277.989;22.73;5.73;;;;;;;;Hand offs;;Jumper;;;;2018-02-26 13:50:02.014419
102375995;100400;Steal;7503;Wesley Johnson;13;Los Angeles Clippers;2097;Dwyane Wade;2941;Miami Heat;;;3;1288.743;;;;;;;;;;;;;;;;2018-02-26 13:50:02.014419
102375996;400101;Accurate pass;8964;Pablo Prigioni;13;Los Angeles Clippers;;;;;180;Jamal Crawford;3;1303.844;;;;;;;;;;;;;;;;2018-02-26 13:50:02.014419
102375997;800301;3+;180;Jamal Crawford;13;Los Angeles Clippers;;;;;8964;Pablo Prigioni;3;1303.844;19.49;5.43;;;;;;;;Catch and shoot;;Jumper;;;;2018-02-26 13:50:02.014419
102375998;800302;3-;180;Jamal Crawford;13;Los Angeles Clippers;;;;;;;3;1320.824;27.68;0.78;;;;;;;;Catch and shoot;;Jumper;;;;2018-02-26 13:50:02.014419
102376000;100400;Steal;8964;Pablo Prigioni;13;Los Angeles Clippers;370640;Tyler Johnson;2941;Miami Heat;;;3;1331.534;;;;;;;;;;;;;;;;2018-02-26 13:50:02.014419
102376001;800202;2-;1804;Austin Rivers;13;Los Angeles Clippers;2095;Hassan Whiteside;2941;Miami Heat;;;3;1348.558;26.57;7.62;;;;;;;;Screen off;;Lay up;;;;2018-02-26 13:50:02.014419
102376003;100400;Steal;8964;Pablo Prigioni;13;Los Angeles Clippers;2097;Dwyane Wade;2941;Miami Heat;;;3;1354.487;;;;;;;;;;;;;;;;2018-02-26 13:50:02.014419
102376008;100200;Game stop;;;;;;;;;;;3;1369.776;;;;;;;;;;;;;;;;2018-02-26 13:50:02.014419
102376009;300100;Foul;180;Jamal Crawford;13;Los Angeles Clippers;2097;Dwyane Wade;2941;Miami Heat;;;3;1369.776;;;;;;;;;;;;;;;;2018-02-26 13:50:02.014419
102376012;100100;Ball in play;;;13;Los Angeles Clippers;;;;;;;3;1424.245;;;;;;;;;;;;;;;;2019-10-24 13:30:02.700184
102376013;100300;Rebound;180;Jamal Crawford;13;Los Angeles Clippers;;;;;;;3;1424.245;;;;;;;;;;;;;;;;2018-02-26 13:50:02.014419
102376014;800202;2-;180;Jamal Crawford;13;Los Angeles Clippers;;;;;;;3;1446.252;21.50;4.65;;;;;;;;Isolation;;Jumper;;Quick first step;;2018-02-26 13:50:02.014419
102376016;1800500;Halftime;;;;;;;;;;;3;1447.152;;;;;;;;;;;;;;;;2018-02-26 13:50:02.014419
102376017;1800400;4th quarter;;;;;;;;;;;4;0.000;;;;;;;;;;;;;;;;2018-02-26 13:50:02.014419
102376018;1600500;Guard;180;Jamal Crawford;13;Los Angeles Clippers;;;;;;;4;0.000;;;;;;;;;;;;;;;;2018-02-26 13:50:02.014419
102376019;1600500;Guard;1804;Austin Rivers;13;Los Angeles Clippers;;;;;;;4;0.000;;;;;;;;;;;;;;;;2018-02-26 13:50:02.014419
102376020;1600500;Guard;7503;Wesley Johnson;13;Los Angeles Clippers;;;;;;;4;0.000;;;;;;;;;;;;;;;;2018-02-26 13:50:02.014419
102376021;1600500;Guard;8964;Pablo Prigioni;13;Los Angeles Clippers;;;;;;;4;0.000;;;;;;;;;;;;;;;;2018-02-26 13:50:02.014419
102376022;1600500;Guard;99345;Josh Smith;13;Los Angeles Clippers;;;;;;;4;0.000;;;;;;;;;;;;;;;;2021-04-01 08:47:05.392245
102376030;100300;Rebound;99345;Josh Smith;13;Los Angeles Clippers;;;;;;;4;65.836;;;;;;;;;;;;;;;;2021-04-01 08:47:05.392245
102376031;800201;2+;180;Jamal Crawford;13;Los Angeles Clippers;;;;;;;4;76.176;26.96;7.80;;;;;;;;Hand offs;;Lay up;;;;2018-02-26 13:50:02.014419
102376033;100200;Game stop;;;;;;;;;;;4;102.080;;;;;;;;;;;;;;;;2018-02-26 13:50:02.014419
102376035;300100;Foul;7503;Wesley Johnson;13;Los Angeles Clippers;34324;Chris Bosh;2941;Miami Heat;;;4;102.080;;;;;;;;;;;;;;;;2018-02-26 13:50:02.014419
102376036;100100;Ball in play;;;13;Los Angeles Clippers;;;;;;;4;122.378;;;;;;;;;;;;;;;;2019-10-24 13:30:02.700184
102376037;800201;2+;99345;Josh Smith;13;Los Angeles Clippers;;;;;;;4;128.378;27.02;7.62;;;;;;;;Transition;;Dunk;;;;2021-04-01 08:47:05.392245
102376039;100300;Rebound;8964;Pablo Prigioni;13;Los Angeles Clippers;;;;;;;4;144.724;;;;;;;;;;;;;;;;2018-02-26 13:50:02.014419
102376040;100200;Game stop;;;;;;;;;;;4;152.791;;;;;;;;;;;;;;;;2018-02-26 13:50:02.014419
102376042;100100;Ball in play;;;13;Los Angeles Clippers;;;;;;;4;188.158;;;;;;;;;;;;;;;;2019-10-24 13:30:02.700184
102376043;800600;2F;1804;Austin Rivers;13;Los Angeles Clippers;2100;Gerald Green;2941;Miami Heat;;;4;193.158;27.05;7.62;;;;;;;;;;;;;;2018-02-26 13:50:02.014419
102376044;100200;Game stop;;;;;;;;;;;4;193.158;;;;;;;;;;;;;;;;2018-02-26 13:50:02.014419
102376046;800101;1+;1804;Austin Rivers;13;Los Angeles Clippers;2100;Gerald Green;2941;Miami Heat;;;4;214.982;;;;;;;;;;;;;;;;2018-02-26 13:50:02.014419
102376047;800101;1+;1804;Austin Rivers;13;Los Angeles Clippers;2100;Gerald Green;2941;Miami Heat;;;4;227.014;;;;;;;;;;;;;;;;2018-02-26 13:50:02.014419
102376052;100300;Rebound;8964;Pablo Prigioni;13;Los Angeles Clippers;;;;;;;4;277.580;;;;;;;;;;;;;;;;2018-02-26 13:50:02.014419
102376053;800202;2-;99345;Josh Smith;13;Los Angeles Clippers;;;;;;;4;293.357;22.88;11.67;;;;;;;;Catch and shoot;;Jumper;;;;2021-04-01 08:47:05.392245
102376055;100200;Game stop;;;;;;;;;;;4;306.807;;;;;;;;;;;;;;;;2018-02-26 13:50:02.014419
102376056;300100;Foul;7503;Wesley Johnson;13;Los Angeles Clippers;34324;Chris Bosh;2941;Miami Heat;;;4;306.807;;;;;;;;;;;;;;;;2018-02-26 13:50:02.014419
102376059;100100;Ball in play;;;13;Los Angeles Clippers;;;;;;;4;335.534;;;;;;;;;;;;;;;;2019-10-24 13:30:02.700184
102376060;800201;2+;1804;Austin Rivers;13;Los Angeles Clippers;;;;;;;4;347.534;26.66;7.83;;;;;;;;Pick'n'Roll;;Lay up;;;;2018-02-26 13:50:02.014419
102376061;100400;Steal;8964;Pablo Prigioni;13;Los Angeles Clippers;2100;Gerald Green;2941;Miami Heat;;;4;355.871;;;;;;;;;;;;;;;;2018-02-26 13:50:02.014419
102376062;800202;2-;180;Jamal Crawford;13;Los Angeles Clippers;;;;;;;4;361.277;26.81;7.32;;;;;;;;Transition;;Lay up;;;;2018-02-26 13:50:02.014419
102376065;100200;Game stop;;;;;;;;;;;4;367.684;;;;;;;;;;;;;;;;2018-02-26 13:50:02.014419
102376066;300100;Foul;99345;Josh Smith;13;Los Angeles Clippers;2095;Hassan Whiteside;2941;Miami Heat;;;4;367.684;;;;;;;;;;;;;;;;2021-04-01 08:47:05.392245
102376071;100100;Ball in play;;;13;Los Angeles Clippers;;;;;;;4;412.146;;;;;;;;;;;;;;;;2019-10-24 13:30:02.700184
102376072;100200;Game stop;;;;;;;;;;;4;422.146;;;;;;;;;;;;;;;;2018-02-26 13:50:02.014419
102376073;100500;Turnover;1804;Austin Rivers;13;Los Angeles Clippers;;;;;;;4;422.146;;;;;;;;;;;;;;;;2018-02-26 13:50:02.014419
102376077;800202;2-;180;Jamal Crawford;13;Los Angeles Clippers;;;;;;;4;474.057;21.56;6.18;;;;;;;;Hand offs;;Jumper;;;;2018-02-26 13:50:02.014419
102376079;100400;Steal;99345;Josh Smith;13;Los Angeles Clippers;2095;Hassan Whiteside;2941;Miami Heat;;;4;475.641;;;;;;;;;;;;;;;;2021-04-01 08:47:05.392245
102376080;800302;3-;99345;Josh Smith;13;Los Angeles Clippers;;;;;;;4;492.751;19.19;6.42;;;;;;;;Catch and shoot;;Jumper;;;;2021-04-01 08:47:05.392245
102376081;100300;Rebound;7503;Wesley Johnson;13;Los Angeles Clippers;;;;;;;4;493.320;;;;;;;;;;;;;;;;2018-02-26 13:50:02.014419
102376082;200300;Pick'n'Roll;99345;Josh Smith;13;Los Angeles Clippers;;;;;8964;Pablo Prigioni;4;509.447;;;;;;;;;;;;;;;;2021-04-01 08:47:05.392245
102376083;800202;2-;99345;Josh Smith;13;Los Angeles Clippers;;;;;8964;Pablo Prigioni;4;509.447;25.19;8.04;;;;;;;;Pick-n-roll without a ball;;Floater;;;;2021-04-01 08:47:05.392245
102376084;100300;Rebound;7503;Wesley Johnson;13;Los Angeles Clippers;;;;;;;4;510.545;;;;;;;;;;;;;;;;2018-02-26 13:50:02.014419
102376085;800600;2F;180;Jamal Crawford;13;Los Angeles Clippers;7479;Luol Deng;2941;Miami Heat;;;4;523.540;27.05;7.62;;;;;;;;Isolation;;;Drives Right;;;2018-02-26 13:50:02.014419
102376086;100200;Game stop;;;;;;;;;;;4;523.540;;;;;;;;;;;;;;;;2018-02-26 13:50:02.014419
102376088;800101;1+;180;Jamal Crawford;13;Los Angeles Clippers;7479;Luol Deng;2941;Miami Heat;;;4;553.649;;;;;;;;;;;;;;;;2018-02-26 13:50:02.014419
102376089;800101;1+;180;Jamal Crawford;13;Los Angeles Clippers;7479;Luol Deng;2941;Miami Heat;;;4;569.158;;;;;;;;;;;;;;;;2018-02-26 13:50:02.014419
102376091;100200;Game stop;;;;;;;;;;;4;580.899;;;;;;;;;;;;;;;;2018-02-26 13:50:02.014419
102376092;300100;Foul;1804;Austin Rivers;13;Los Angeles Clippers;370640;Tyler Johnson;2941;Miami Heat;;;4;580.899;;;;;;;;;;;;;;;;2018-02-26 13:50:02.014419
102376095;100300;Rebound;99345;Josh Smith;13;Los Angeles Clippers;;;;;;;4;604.617;;;;;;;;;;;;;;;;2021-04-01 08:47:05.392245
102376096;800202;2-;180;Jamal Crawford;13;Los Angeles Clippers;;;;;;;4;614.383;21.35;7.62;;;;;;;;Pick'n'Roll;;Jumper;;;;2018-02-26 13:50:02.014419
102376098;100200;Game stop;;;;;;;;;;;4;633.676;;;;;;;;;;;;;;;;2018-02-26 13:50:02.014419
102376100;100100;Ball in play;;;13;Los Angeles Clippers;;;;;;;4;655.647;;;;;;;;;;;;;;;;2019-10-24 13:30:02.700184
102376101;800202;2-;99345;Josh Smith;13;Los Angeles Clippers;;;;;1804;Austin Rivers;4;671.647;22.28;11.73;;;;;;;;Catch and shoot;;Jumper;;;;2021-04-01 08:47:05.392245
102376105;800201;2+;8964;Pablo Prigioni;13;Los Angeles Clippers;;;;;;;4;707.225;27.23;4.11;;;;;;;;Pick'n'Roll;;Jumper;;;;2018-02-26 13:50:02.014419
102376106;100400;Steal;8964;Pablo Prigioni;13;Los Angeles Clippers;2095;Hassan Whiteside;2941;Miami Heat;;;4;726.602;;;;;;;;;;;;;;;;2018-02-26 13:50:02.014419
102376107;400101;Accurate pass;1804;Austin Rivers;13;Los Angeles Clippers;;;;;180;Jamal Crawford;4;736.003;;;;;;;;;;;;;;;;2018-02-26 13:50:02.014419
102376108;800301;3+;180;Jamal Crawford;13;Los Angeles Clippers;;;;;1804;Austin Rivers;4;736.003;27.68;0.81;;;;;;;;Transition;;Jumper;;;;2018-02-26 13:50:02.014419
102376109;100200;Game stop;;;;;;;;;;;4;736.003;;;;;;;;;;;;;;;;2018-02-26 13:50:02.014419
102376111;1600500;Guard;179;Chris Paul;13;Los Angeles Clippers;8964;Pablo Prigioni;13;Los Angeles Clippers;;;4;777.782;;;;;;;;;;;;;;;;2018-02-26 13:50:02.014419
102376116;100200;Game stop;;;;;;;;;;;4;777.782;;;;;;;;;;;;;;;;2018-02-26 13:50:02.014419
102376117;300100;Foul;99345;Josh Smith;13;Los Angeles Clippers;34324;Chris Bosh;2941;Miami Heat;;;4;777.782;;;;;;;;;;;;;;;;2021-04-01 08:47:05.392245
102376120;100100;Ball in play;;;13;Los Angeles Clippers;;;;;;;4;824.465;;;;;;;;;;;;;;;;2019-10-24 13:30:02.700184
102376121;100300;Rebound;7503;Wesley Johnson;13;Los Angeles Clippers;;;;;;;4;824.465;;;;;;;;;;;;;;;;2018-02-26 13:50:02.014419
102376122;400101;Accurate pass;1804;Austin Rivers;13;Los Angeles Clippers;;;;;99345;Josh Smith;4;839.654;;;;;;;;;;;;;;;;2018-02-26 13:50:02.014419
102376123;200300;Pick'n'Roll;99345;Josh Smith;13;Los Angeles Clippers;;;;;1804;Austin Rivers;4;839.654;;;;;;;;;;;;;;;;2021-04-01 08:47:05.392245
102376124;800201;2+;99345;Josh Smith;13;Los Angeles Clippers;;;;;1804;Austin Rivers;4;839.654;27.02;7.62;;;;;;;;Pick-n-roll without a ball;;Dunk;;;;2021-04-01 08:47:05.392245
102376126;100300;Rebound;1804;Austin Rivers;13;Los Angeles Clippers;;;;;;;4;861.512;;;;;;;;;;;;;;;;2018-02-26 13:50:02.014419
102376127;200300;Pick'n'Roll;99345;Josh Smith;13;Los Angeles Clippers;;;;;179;Chris Paul;4;885.037;;;;;;;;;;;;;;;;2021-04-01 08:47:05.392245
102376128;800202;2-;99345;Josh Smith;13;Los Angeles Clippers;;;;;179;Chris Paul;4;885.037;26.27;8.49;;;;;;;;Pick-n-roll without a ball;;Lay up;;;;2021-04-01 08:47:05.392245
102376131;100200;Game stop;;;;;;;;;;;4;904.300;;;;;;;;;;;;;;;;2018-02-26 13:50:02.014419
102376132;300100;Foul;7503;Wesley Johnson;13;Los Angeles Clippers;370640;Tyler Johnson;2941;Miami Heat;;;4;904.300;;;;;;;;;;;;;;;;2018-02-26 13:50:02.014419
102376135;100100;Ball in play;;;13;Los Angeles Clippers;;;;;;;4;940.855;;;;;;;;;;;;;;;;2019-10-24 13:30:02.700184
102376138;100200;Game stop;;;;;;;;;;;4;961.248;;;;;;;;;;;;;;;;2018-02-26 13:50:02.014419
102376142;100300;Rebound;180;Jamal Crawford;13;Los Angeles Clippers;;;;;;;4;980.763;;;;;;;;;;;;;;;;2018-02-26 13:50:02.014419
102376143;800202;2-;179;Chris Paul;13;Los Angeles Clippers;;;;;;;4;996.115;25.22;4.86;;;;;;;;Pick'n'Roll;;Jumper;;;;2018-02-26 13:50:02.014419
102376146;100200;Game stop;;;;;;;;;;;4;1012.323;;;;;;;;;;;;;;;;2018-02-26 13:50:02.014419
102376147;300100;Foul;99345;Josh Smith;13;Los Angeles Clippers;34324;Chris Bosh;2941;Miami Heat;;;4;1012.323;;;;;;;;;;;;;;;;2021-04-01 08:47:05.392245
102376152;100100;Ball in play;;;13;Los Angeles Clippers;;;;;;;4;1063.469;;;;;;;;;;;;;;;;2019-10-24 13:30:02.700184
102376153;400101;Accurate pass;1804;Austin Rivers;13;Los Angeles Clippers;;;;;7503;Wesley Johnson;4;1079.469;;;;;;;;;;;;;;;;2018-02-26 13:50:02.014419
102376154;800301;3+;7503;Wesley Johnson;13;Los Angeles Clippers;;;;;1804;Austin Rivers;4;1079.469;19.28;7.50;;;;;;;;Catch and shoot;;Jumper;;;;2018-02-26 13:50:02.014419
102376156;100200;Game stop;;;;;;;;;;;4;1104.261;;;;;;;;;;;;;;;;2018-02-26 13:50:02.014419
102376157;300100;Foul;99345;Josh Smith;13;Los Angeles Clippers;2099;Josh Richardson;2941;Miami Heat;;;4;1104.261;;;;;;;;;;;;;;;;2021-04-01 08:47:05.392245
102376158;1800600;Timeout;;;;;;;;;;;4;1104.261;;;;;;;;;;;;;;;;2018-02-26 13:50:02.014419
102376161;1600500;Guard;2410;Lance Stephenson;13;Los Angeles Clippers;179;Chris Paul;13;Los Angeles Clippers;;;4;1161.379;;;;;;;;;;;;;;;;2018-02-26 13:50:02.014419
102376162;1600500;Guard;370977;CJ Wilcox;13;Los Angeles Clippers;180;Jamal Crawford;13;Los Angeles Clippers;;;4;1161.379;;;;;;;;;;;;;;;;2018-02-26 13:50:02.014419
102376165;100100;Ball in play;;;13;Los Angeles Clippers;;;;;;;4;1195.861;;;;;;;;;;;;;;;;2019-10-24 13:30:02.700184
102376166;800302;3-;7503;Wesley Johnson;13;Los Angeles Clippers;;;;;;;4;1216.861;21.98;13.98;;;;;;;;Hand offs;;Jumper;;;;2018-02-26 13:50:02.014419
102376170;100200;Game stop;;;;;;;;;;;4;1233.088;;;;;;;;;;;;;;;;2018-02-26 13:50:02.014419
102376171;300100;Foul;1804;Austin Rivers;13;Los Angeles Clippers;370640;Tyler Johnson;2941;Miami Heat;;;4;1233.088;;;;;;;;;;;;;;;;2018-02-26 13:50:02.014419
102376172;100100;Ball in play;;;13;Los Angeles Clippers;;;;;;;4;1253.341;;;;;;;;;;;;;;;;2019-10-24 13:30:02.700184
102376173;800202;2-;370977;CJ Wilcox;13;Los Angeles Clippers;2412;Chris Andersen;2941;Miami Heat;;;4;1272.341;26.51;8.49;;;;;;;;Hand offs;;Lay up;;;;2018-02-26 13:50:02.014419
102376176;100300;Rebound;99345;Josh Smith;13;Los Angeles Clippers;;;;;;;4;1279.510;;;;;;;;;;;;;;;;2021-04-01 08:47:05.392245
102376177;800201;2+;1804;Austin Rivers;13;Los Angeles Clippers;;;;;;;4;1306.406;26.42;7.32;;;;;;;;Transition;;Lay up;;;;2018-02-26 13:50:02.014419
102376180;400101;Accurate pass;370977;CJ Wilcox;13;Los Angeles Clippers;;;;;99345;Josh Smith;4;1343.043;;;;;;;;;;Hand offs;;;;;;2018-02-26 13:50:02.014419
102376181;800301;3+;99345;Josh Smith;13;Los Angeles Clippers;;;;;370977;CJ Wilcox;4;1343.043;20.33;4.32;;;;;;;;Hand offs;;Jumper;;;;2021-04-01 08:47:05.392245
102376182;100400;Steal;7503;Wesley Johnson;13;Los Angeles Clippers;2099;Josh Richardson;2941;Miami Heat;;;4;1363.070;;;;;;;;;;;;;;;;2018-02-26 13:50:02.014419
102376183;100200;Game stop;;;;;;;;;;;4;1365.890;;;;;;;;;;;;;;;;2018-02-26 13:50:02.014419
102376184;100500;Turnover;7503;Wesley Johnson;13;Los Angeles Clippers;;;;;;;4;1365.890;;;;;;;;;;;;;;;;2018-02-26 13:50:02.014419
102376189;800202;2-;370977;CJ Wilcox;13;Los Angeles Clippers;2099;Josh Richardson;2941;Miami Heat;;;4;1440.876;21.35;10.65;;;;;;;;Isolation;;Jumper;Drives Right;;;2018-02-26 13:50:02.014419
102376193;1800700;Match end;;;;;;;;;;;4;1447.489;;;;;;;;;;;;;;;;2018-02-26 13:50:02.014419
105224077;200900;Assisting;7660;Cole Aldrich;13;Los Angeles Clippers;;;;;179;Chris Paul;1;143.868;;;;;;;;;;;;;;;;2018-03-03 05:02:02.463393
105224079;200900;Assisting;7660;Cole Aldrich;13;Los Angeles Clippers;;;;;179;Chris Paul;1;203.574;;;;;;;;;;;;;;;;2018-03-03 05:02:02.463393
105224081;200900;Assisting;179;Chris Paul;13;Los Angeles Clippers;;;;;;;1;291.153;;;;;;;;;;;;;;;;2018-03-03 05:02:02.463393
105224085;200900;Assisting;176;Paul Pierce;13;Los Angeles Clippers;;;;;179;Chris Paul;1;349.783;;;;;;;;;;;;;;;;2018-03-03 05:02:02.463393
105224097;200900;Assisting;179;Chris Paul;13;Los Angeles Clippers;;;;;;;1;646.872;;;;;;;;;;;;;;;;2018-03-03 05:02:02.463393
105224101;200900;Assisting;179;Chris Paul;13;Los Angeles Clippers;;;;;;;1;693.928;;;;;;;;;;;;;;;;2018-03-03 05:02:02.463393
105224103;200900;Assisting;176;Paul Pierce;13;Los Angeles Clippers;;;;;179;Chris Paul;1;723.911;;;;;;;;;;;;;;;;2018-03-03 05:02:02.463393
105224113;200900;Assisting;7503;Wesley Johnson;13;Los Angeles Clippers;;;;;8964;Pablo Prigioni;1;1082.456;;;;;;;;;;;;;;;;2018-03-03 05:02:02.463393
105224117;200900;Assisting;1804;Austin Rivers;13;Los Angeles Clippers;;;;;99345;Josh Smith;2;15.632;;;;;;;;;;;;;;;;2018-03-03 05:02:02.463393
105224125;200900;Assisting;180;Jamal Crawford;13;Los Angeles Clippers;;;;;;;2;292.212;;;;;;;;;;;;;;;;2018-03-03 05:02:02.463393
105224129;200900;Assisting;2410;Lance Stephenson;13;Los Angeles Clippers;;;;;;;2;380.990;;;;;;;;;;;;;;;;2018-03-03 05:02:02.463393
105224133;200900;Assisting;9150;JJ Redick;13;Los Angeles Clippers;;;;;179;Chris Paul;2;443.987;;;;;;;;;;;;;;;;2018-03-03 05:02:02.463393
105224139;200900;Assisting;9150;JJ Redick;13;Los Angeles Clippers;;;;;179;Chris Paul;2;583.906;;;;;;;;;;;;;;;;2018-03-03 05:02:02.463393
105224145;200900;Assisting;9150;JJ Redick;13;Los Angeles Clippers;;;;;7660;Cole Aldrich;2;652.418;;;;;;;;;;;;;;;;2018-03-03 05:02:02.463393
105224149;200900;Assisting;176;Paul Pierce;13;Los Angeles Clippers;;;;;9150;JJ Redick;2;689.788;;;;;;;;;;;;;;;;2018-03-03 05:02:02.463393
105224151;200900;Assisting;176;Paul Pierce;13;Los Angeles Clippers;;;;;9150;JJ Redick;2;767.566;;;;;;;;;;;;;;;;2018-03-03 05:02:02.463393
105224155;200900;Assisting;176;Paul Pierce;13;Los Angeles Clippers;;;;;179;Chris Paul;2;801.015;;;;;;;;;;;;;;;;2018-03-03 05:02:02.463393
105224159;200900;Assisting;7660;Cole Aldrich;13;Los Angeles Clippers;;;;;179;Chris Paul;2;866.373;;;;;;;;;;;;;;;;2018-03-03 05:02:02.463393
105224163;200900;Assisting;175;Luc Richard Mbah a Moute;13;Los Angeles Clippers;;;;;179;Chris Paul;2;1088.958;;;;;;;;;;;;;;;;2018-03-03 05:02:02.463393
105224165;200900;Assisting;179;Chris Paul;13;Los Angeles Clippers;;;;;;;2;1179.631;;;;;;;;;;;;;;;;2018-03-03 05:02:02.463393
105224167;200900;Assisting;9150;JJ Redick;13;Los Angeles Clippers;;;;;7660;Cole Aldrich;3;15.574;;;;;;;;;;;;;;;;2018-03-03 05:02:02.463393
105224169;200900;Assisting;7660;Cole Aldrich;13;Los Angeles Clippers;;;;;;;3;62.413;;;;;;;;;;;;;;;;2018-03-03 05:02:02.463393
105224171;200900;Assisting;7660;Cole Aldrich;13;Los Angeles Clippers;;;;;179;Chris Paul;3;129.997;;;;;;;;;;;;;;;;2018-03-03 05:02:02.463393
105224173;200900;Assisting;7660;Cole Aldrich;13;Los Angeles Clippers;;;;;;;3;203.845;;;;;;;;;;;;;;;;2018-03-03 05:02:02.463393
105224175;200900;Assisting;179;Chris Paul;13;Los Angeles Clippers;;;;;175;Luc Richard Mbah a Moute;3;278.435;;;;;;;;;;;;;;;;2018-03-03 05:02:02.463393
105224177;200900;Assisting;7660;Cole Aldrich;13;Los Angeles Clippers;;;;;;;3;304.662;;;;;;;;;;;;;;;;2018-03-03 05:02:02.463393
105224181;200900;Assisting;9150;JJ Redick;13;Los Angeles Clippers;;;;;7660;Cole Aldrich;3;376.201;;;;;;;;;;;;;;;;2018-03-03 05:02:02.463393
105224185;200900;Assisting;176;Paul Pierce;13;Los Angeles Clippers;;;;;179;Chris Paul;3;413.650;;;;;;;;;;;;;;;;2018-03-03 05:02:02.463393
105224187;200900;Assisting;179;Chris Paul;13;Los Angeles Clippers;;;;;;;3;441.339;;;;;;;;;;;;;;;;2018-03-03 05:02:02.463393
105224189;200900;Assisting;7660;Cole Aldrich;13;Los Angeles Clippers;;;;;;;3;490.521;;;;;;;;;;;;;;;;2018-03-03 05:02:02.463393
105224191;200900;Assisting;7660;Cole Aldrich;13;Los Angeles Clippers;;;;;;;3;582.665;;;;;;;;;;;;;;;;2018-03-03 05:02:02.463393
105224197;200900;Assisting;7660;Cole Aldrich;13;Los Angeles Clippers;;;;;179;Chris Paul;3;711.754;;;;;;;;;;;;;;;;2018-03-03 05:02:02.463393
105224201;200900;Assisting;179;Chris Paul;13;Los Angeles Clippers;;;;;;;3;874.296;;;;;;;;;;;;;;;;2018-03-03 05:02:02.463393
105224207;200900;Assisting;180;Jamal Crawford;13;Los Angeles Clippers;;;;;;;3;1107.254;;;;;;;;;;;;;;;;2018-03-03 05:02:02.463393
105224211;200900;Assisting;99345;Josh Smith;13;Los Angeles Clippers;;;;;180;Jamal Crawford;3;1244.629;;;;;;;;;;;;;;;;2021-04-01 08:47:05.392245
105224213;200900;Assisting;180;Jamal Crawford;13;Los Angeles Clippers;;;;;8964;Pablo Prigioni;3;1303.844;;;;;;;;;;;;;;;;2018-03-03 05:02:02.463393
105224217;200900;Assisting;180;Jamal Crawford;13;Los Angeles Clippers;;;;;;;4;76.176;;;;;;;;;;;;;;;;2018-03-03 05:02:02.463393
105224219;200900;Assisting;99345;Josh Smith;13;Los Angeles Clippers;;;;;;;4;128.378;;;;;;;;;;;;;;;;2021-04-01 08:47:05.392245
105224221;200900;Assisting;1804;Austin Rivers;13;Los Angeles Clippers;;;;;;;4;193.158;;;;;;;;;;;;;;;;2018-03-03 05:02:02.463393
105224223;200900;Assisting;1804;Austin Rivers;13;Los Angeles Clippers;;;;;;;4;347.534;;;;;;;;;;;;;;;;2018-03-03 05:02:02.463393
105224229;200900;Assisting;180;Jamal Crawford;13;Los Angeles Clippers;;;;;;;4;523.540;;;;;;;;;;;;;;;;2018-03-03 05:02:02.463393
105224233;200900;Assisting;8964;Pablo Prigioni;13;Los Angeles Clippers;;;;;;;4;707.225;;;;;;;;;;;;;;;;2018-03-03 05:02:02.463393
105224235;200900;Assisting;180;Jamal Crawford;13;Los Angeles Clippers;;;;;1804;Austin Rivers;4;736.003;;;;;;;;;;;;;;;;2018-03-03 05:02:02.463393
105224239;200900;Assisting;99345;Josh Smith;13;Los Angeles Clippers;;;;;1804;Austin Rivers;4;839.654;;;;;;;;;;;;;;;;2021-04-01 08:47:05.392245
105224245;200900;Assisting;7503;Wesley Johnson;13;Los Angeles Clippers;;;;;1804;Austin Rivers;4;1079.469;;;;;;;;;;;;;;;;2018-03-03 05:02:02.463393
105224251;200900;Assisting;1804;Austin Rivers;13;Los Angeles Clippers;;;;;;;4;1306.406;;;;;;;;;;;;;;;;2018-03-03 05:02:02.463393
105224255;200900;Assisting;99345;Josh Smith;13;Los Angeles Clippers;;;;;370977;CJ Wilcox;4;1343.043;;;;;;;;;;;;;;;;2021-04-01 08:47:05.392245
102375465;1601000;Starting lineup;7479;Luol Deng;2941;Miami Heat;;;;;;;1;0.000;;;;;;;;;;;;;;;;2018-02-26 13:50:02.014419
102375466;1601000;Starting lineup;2103;Udonis Haslem;2941;Miami Heat;;;;;;;1;0.000;;;;;;;;;;;;;;;;2018-02-26 13:50:02.014419
102375467;1601000;Starting lineup;2412;Chris Andersen;2941;Miami Heat;;;;;;;1;0.000;;;;;;;;;;;;;;;;2018-02-26 13:50:02.014419
102375468;1601000;Starting lineup;2099;Josh Richardson;2941;Miami Heat;;;;;;;1;0.000;;;;;;;;;;;;;;;;2018-02-26 13:50:02.014419
102375469;1601000;Starting lineup;2095;Hassan Whiteside;2941;Miami Heat;;;;;;;1;0.000;;;;;;;;;;;;;;;;2018-02-26 13:50:02.014419
102375470;1601000;Starting lineup;370640;Tyler Johnson;2941;Miami Heat;;;;;;;1;0.000;;;;;;;;;;;;;;;;2018-02-26 13:50:02.014419
102375471;1601000;Starting lineup;2100;Gerald Green;2941;Miami Heat;;;;;;;1;0.000;;;;;;;;;;;;;;;;2018-02-26 13:50:02.014419
102375472;1601000;Starting lineup;8592;Beno Udrih;2941;Miami Heat;;;;;;;1;0.000;;;;;;;;;;;;;;;;2018-02-26 13:50:02.014419
102375473;1601000;Starting lineup;2102;Justise Winslow;2941;Miami Heat;;;;;;;1;0.000;;;;;;;;;;;;;;;;2018-02-26 13:50:02.014419
102375474;1601000;Starting lineup;2097;Dwyane Wade;2941;Miami Heat;;;;;;;1;0.000;;;;;;;;;;;;;;;;2018-02-26 13:50:02.014419
102375475;1601000;Starting lineup;34324;Chris Bosh;2941;Miami Heat;;;;;;;1;0.000;;;;;;;;;;;;;;;;2018-02-26 13:50:02.014419
102375482;1600500;Guard;2097;Dwyane Wade;2941;Miami Heat;;;;;;;1;0.000;;;;;;;;;;;;;;;;2018-02-26 13:50:02.014419
102375483;1600500;Guard;2102;Justise Winslow;2941;Miami Heat;;;;;;;1;0.000;;;;;;;;;;;;;;;;2018-02-26 13:50:02.014419
102375484;1600500;Guard;7479;Luol Deng;2941;Miami Heat;;;;;;;1;0.000;;;;;;;;;;;;;;;;2018-02-26 13:50:02.014419
102375485;1600500;Guard;8592;Beno Udrih;2941;Miami Heat;;;;;;;1;0.000;;;;;;;;;;;;;;;;2018-02-26 13:50:02.014419
102375486;1600500;Guard;34324;Chris Bosh;2941;Miami Heat;;;;;;;1;0.000;;;;;;;;;;;;;;;;2018-02-26 13:50:02.014419
102375487;100100;Ball in play;;;2941;Miami Heat;;;;;;;1;80.288;;;;;;;;;;;;;;;;2019-10-24 13:30:02.700184
102375488;800202;2-;7479;Luol Deng;2941;Miami Heat;;;;;;;1;105.288;26.51;8.13;;;;;;;;Screen off;;Lay up;;;;2018-02-26 13:50:02.014419
102375493;100300;Rebound;2097;Dwyane Wade;2941;Miami Heat;;;;;;;1;129.065;;;;;;;;;;;;;;;;2018-02-26 13:50:02.014419
102375494;800202;2-;2097;Dwyane Wade;2941;Miami Heat;;;;;;;1;136.141;27.08;1.62;;;;;;;;Transition;;Jumper;;;;2018-02-26 13:50:02.014419
102375499;800202;2-;34324;Chris Bosh;2941;Miami Heat;175;Luc Richard Mbah a Moute;13;Los Angeles Clippers;;;1;169.399;26.27;8.52;;;;;;;;Isolation;;Lay up;Drives Left;;;2018-02-26 13:50:02.014419
102375503;100300;Rebound;2102;Justise Winslow;2941;Miami Heat;;;;;;;1;182.375;;;;;;;;;;;;;;;;2018-02-26 13:50:02.014419
102375504;800302;3-;34324;Chris Bosh;2941;Miami Heat;;;;;;;1;190.813;19.64;9.12;;;;;;;;Hand offs;;Jumper;;;;2018-02-26 13:50:02.014419
102375510;100500;Turnover;34324;Chris Bosh;2941;Miami Heat;;;;;;;1;220.628;;;;;;;;;;;;;;;;2018-02-26 13:50:02.014419
102375514;100300;Rebound;34324;Chris Bosh;2941;Miami Heat;;;;;;;1;232.951;;;;;;;;;;;;;;;;2018-02-26 13:50:02.014419
102375515;800302;3-;34324;Chris Bosh;2941;Miami Heat;;;;;2097;Dwyane Wade;1;244.161;20.33;4.11;;;;;;;;Catch and shoot;;Jumper;;;;2018-02-26 13:50:02.014419
102375516;100300;Rebound;7479;Luol Deng;2941;Miami Heat;;;;;;;1;247.928;;;;;;;;;;;;;;;;2018-02-26 13:50:02.014419
102375517;800202;2-;7479;Luol Deng;2941;Miami Heat;;;;;;;1;247.928;26.42;7.44;;;;;;;;Putbacks;;;;;;2018-02-26 13:50:02.014419
102375518;100300;Rebound;7479;Luol Deng;2941;Miami Heat;;;;;;;1;247.928;;;;;;;;;;;;;;;;2018-02-26 13:50:02.014419
102375521;100300;Rebound;34324;Chris Bosh;2941;Miami Heat;;;;;;;1;268.107;;;;;;;;;;;;;;;;2018-02-26 13:50:02.014419
102375525;1800600;Timeout;;;2941;Miami Heat;;;;;;;1;304.743;;;;;;;;;;;;;;;;2018-02-26 13:50:02.014419
102375526;100100;Ball in play;;;2941;Miami Heat;;;;;;;1;314.850;;;;;;;;;;;;;;;;2019-10-24 13:30:02.700184
102375527;400101;Accurate pass;2102;Justise Winslow;2941;Miami Heat;;;;;2097;Dwyane Wade;1;326.850;;;;;;;;;;Hand offs;;;;;;2018-02-26 13:50:02.014419
102375528;800201;2+;2097;Dwyane Wade;2941;Miami Heat;;;;;2102;Justise Winslow;1;326.850;23.72;6.09;;;;;;;;Hand offs;;Jumper;;;;2018-02-26 13:50:02.014419
102375531;400101;Accurate pass;7479;Luol Deng;2941;Miami Heat;;;;;2102;Justise Winslow;1;370.198;;;;;;;;;;;;;;;;2018-02-26 13:50:02.014419
102375532;800201;2+;2102;Justise Winslow;2941;Miami Heat;;;;;2097;Dwyane Wade;1;370.198;22.43;7.35;;;;;;;;Catch and Drive;;Jumper;;;;2018-02-26 13:50:02.014419
102375535;100100;Ball in play;;;2941;Miami Heat;;;;;;;1;396.402;;;;;;;;;;;;;;;;2019-10-24 13:30:02.700184
102375536;400101;Accurate pass;34324;Chris Bosh;2941;Miami Heat;;;;;8592;Beno Udrih;1;416.402;;;;;;;;;;;;;;;;2018-02-26 13:50:02.014419
102375537;800301;3+;8592;Beno Udrih;2941;Miami Heat;;;;;34324;Chris Bosh;1;416.402;26.57;0.48;;;;;;;;Catch and shoot;;Jumper;;;;2018-02-26 13:50:02.014419
102375539;100300;Rebound;34324;Chris Bosh;2941;Miami Heat;;;;;;;1;430.081;;;;;;;;;;;;;;;;2018-02-26 13:50:02.014419
102375540;800600;2F;2097;Dwyane Wade;2941;Miami Heat;176;Paul Pierce;13;Los Angeles Clippers;;;1;438.765;27.05;7.62;;;;;;;;Transition;;;;;;2018-02-26 13:50:02.014419
102375543;800101;1+;2097;Dwyane Wade;2941;Miami Heat;176;Paul Pierce;13;Los Angeles Clippers;;;1;462.835;;;;;;;;;;;;;;;;2018-02-26 13:50:02.014419
102375544;1600500;Guard;2100;Gerald Green;2941;Miami Heat;7479;Luol Deng;2941;Miami Heat;;;1;487.032;;;;;;;;;;;;;;;;2018-02-26 13:50:02.014419
102375545;800102;1-;2097;Dwyane Wade;2941;Miami Heat;176;Paul Pierce;13;Los Angeles Clippers;;;1;487.032;;;;;;;;;;;;;;;;2018-02-26 13:50:02.014419
102375549;100300;Rebound;2100;Gerald Green;2941;Miami Heat;;;;;;;1;496.461;;;;;;;;;;;;;;;;2018-02-26 13:50:02.014419
102375550;800302;3-;8592;Beno Udrih;2941;Miami Heat;;;;;;;1;505.149;27.53;15.21;;;;;;;;Transition;;Jumper;;;;2018-02-26 13:50:02.014419
102375553;300100;Foul;8592;Beno Udrih;2941;Miami Heat;179;Chris Paul;13;Los Angeles Clippers;;;1;507.246;;;;;;;;;;;;;;;;2018-02-26 13:50:02.014419
102375554;1600500;Guard;370640;Tyler Johnson;2941;Miami Heat;2097;Dwyane Wade;2941;Miami Heat;;;1;543.296;;;;;;;;;;;;;;;;2018-02-26 13:50:02.014419
102375558;100300;Rebound;2102;Justise Winslow;2941;Miami Heat;;;;;;;1;543.296;;;;;;;;;;;;;;;;2018-02-26 13:50:02.014419
102375559;400101;Accurate pass;8592;Beno Udrih;2941;Miami Heat;;;;;34324;Chris Bosh;1;552.423;;;;;;;;;;;;;;;;2018-02-26 13:50:02.014419
102375560;200300;Pick'n'Roll;34324;Chris Bosh;2941;Miami Heat;;;;;8592;Beno Udrih;1;552.423;;;;;;;;;;;;;;;;2018-02-26 13:50:02.014419
102375561;800400;2+1;34324;Chris Bosh;2941;Miami Heat;;;;;8592;Beno Udrih;1;552.423;26.81;8.43;;;;;;;;Pick-n-roll without a ball;;Lay up;;;;2018-02-26 13:50:02.014419
102375565;800101;1+;34324;Chris Bosh;2941;Miami Heat;7660;Cole Aldrich;13;Los Angeles Clippers;;;1;591.910;;;;;;;;;;;;;;;;2018-02-26 13:50:02.014419
102375568;100300;Rebound;2102;Justise Winslow;2941;Miami Heat;;;;;;;1;609.537;;;;;;;;;;;;;;;;2018-02-26 13:50:02.014419
102375569;400101;Accurate pass;370640;Tyler Johnson;2941;Miami Heat;;;;;34324;Chris Bosh;1;621.156;;;;;;;;;;;;;;;;2018-02-26 13:50:02.014419
102375570;800201;2+;34324;Chris Bosh;2941;Miami Heat;;;;;370640;Tyler Johnson;1;621.156;26.78;6.48;;;;;;;;Screen off;;;;;;2018-02-26 13:50:02.014419
102375571;100400;Steal;370640;Tyler Johnson;2941;Miami Heat;179;Chris Paul;13;Los Angeles Clippers;;;1;627.999;;;;;;;;;;;;;;;;2018-02-26 13:50:02.014419
102375576;400101;Accurate pass;34324;Chris Bosh;2941;Miami Heat;;;;;2100;Gerald Green;1;666.522;;;;;;;;;;Hand offs;;;;;;2018-02-26 13:50:02.014419
102375577;800201;2+;2100;Gerald Green;2941;Miami Heat;;;;;34324;Chris Bosh;1;666.522;25.67;9.66;;;;;;;;Hand offs;;Jumper;;;;2018-02-26 13:50:02.014419
102375581;800202;2-;2100;Gerald Green;2941;Miami Heat;;;;;;;1;713.052;24.20;12.12;;;;;;;;Screen off;;Jumper;;;;2018-02-26 13:50:02.014419
102375586;800202;2-;2102;Justise Winslow;2941;Miami Heat;;;;;;;1;739.918;26.51;8.34;;;;;;;;Cut;;Lay up;;;;2018-02-26 13:50:02.014419
102375589;100300;Rebound;34324;Chris Bosh;2941;Miami Heat;;;;;;;1;753.681;;;;;;;;;;;;;;;;2018-02-26 13:50:02.014419
102375590;800600;2F;34324;Chris Bosh;2941;Miami Heat;175;Luc Richard Mbah a Moute;13;Los Angeles Clippers;;;1;761.988;27.05;7.62;;;;;;;;Catch and Drive;;;Drives Left;;;2018-02-26 13:50:02.014419
102375593;800102;1-;34324;Chris Bosh;2941;Miami Heat;175;Luc Richard Mbah a Moute;13;Los Angeles Clippers;;;1;795.804;;;;;;;;;;;;;;;;2018-02-26 13:50:02.014419
102375594;100300;Rebound;;;2941;Miami Heat;;;;;;;1;795.804;;;;;;;;;;;;;;;;2018-02-26 13:50:02.014419
102375595;1600500;Guard;7479;Luol Deng;2941;Miami Heat;2102;Justise Winslow;2941;Miami Heat;;;1;820.959;;;;;;;;;;;;;;;;2018-02-26 13:50:02.014419
102375596;1600500;Guard;2097;Dwyane Wade;2941;Miami Heat;8592;Beno Udrih;2941;Miami Heat;;;1;820.959;;;;;;;;;;;;;;;;2018-02-26 13:50:02.014419
102375599;800101;1+;34324;Chris Bosh;2941;Miami Heat;175;Luc Richard Mbah a Moute;13;Los Angeles Clippers;;;1;820.959;;;;;;;;;;;;;;;;2018-02-26 13:50:02.014419
102375602;100300;Rebound;370640;Tyler Johnson;2941;Miami Heat;;;;;;;1;835.061;;;;;;;;;;;;;;;;2018-02-26 13:50:02.014419
102375603;800202;2-;34324;Chris Bosh;2941;Miami Heat;;;;;;;1;843.612;24.02;11.37;;;;;;;;Isolation;;Jumper;;Quick first step;;2018-02-26 13:50:02.014419
102375606;100300;Rebound;34324;Chris Bosh;2941;Miami Heat;;;;;;;1;850.809;;;;;;;;;;;;;;;;2018-02-26 13:50:02.014419
102375611;1600500;Guard;2095;Hassan Whiteside;2941;Miami Heat;34324;Chris Bosh;2941;Miami Heat;;;1;893.183;;;;;;;;;;;;;;;;2018-02-26 13:50:02.014419
102375612;100100;Ball in play;;;2941;Miami Heat;;;;;;;1;893.183;;;;;;;;;;;;;;;;2019-10-24 13:30:02.700184
102375615;300100;Foul;2100;Gerald Green;2941;Miami Heat;1804;Austin Rivers;13;Los Angeles Clippers;;;1;919.883;;;;;;;;;;;;;;;;2018-02-26 13:50:02.014419
102375617;100400;Steal;2100;Gerald Green;2941;Miami Heat;8964;Pablo Prigioni;13;Los Angeles Clippers;;;1;943.909;;;;;;;;;;;;;;;;2018-02-26 13:50:02.014419
102375618;400101;Accurate pass;2100;Gerald Green;2941;Miami Heat;;;;;7479;Luol Deng;1;949.883;;;;;;;;;;;;;;;;2018-02-26 13:50:02.014419
102375619;800201;2+;7479;Luol Deng;2941;Miami Heat;;;;;2100;Gerald Green;1;949.883;26.51;8.04;;;;;;;;Transition;;;;;;2018-02-26 13:50:02.014419
102375621;100300;Rebound;2095;Hassan Whiteside;2941;Miami Heat;;;;;;;1;969.909;;;;;;;;;;;;;;;;2018-02-26 13:50:02.014419
102375622;400101;Accurate pass;370640;Tyler Johnson;2941;Miami Heat;;;;;2100;Gerald Green;1;982.676;;;;;;;;;;;;;;;;2018-02-26 13:50:02.014419
102375623;800301;3+;2100;Gerald Green;2941;Miami Heat;;;;;370640;Tyler Johnson;1;982.676;20.75;3.42;;;;;;;;Catch and shoot;;Jumper;;;;2018-02-26 13:50:02.014419
102375625;100300;Rebound;2095;Hassan Whiteside;2941;Miami Heat;;;;;;;1;1004.957;;;;;;;;;;;;;;;;2018-02-26 13:50:02.014419
102375628;100300;Rebound;2095;Hassan Whiteside;2941;Miami Heat;;;;;;;1;1029.989;;;;;;;;;;;;;;;;2018-02-26 13:50:02.014419
102375631;100100;Ball in play;;;2941;Miami Heat;;;;;;;1;1052.805;;;;;;;;;;;;;;;;2019-10-24 13:30:02.700184
102375632;800201;2+;2097;Dwyane Wade;2941;Miami Heat;;;;;;;1;1064.705;26.72;8.34;;;;;;;;Screen off;;Lay up;;;;2018-02-26 13:50:02.014419
102375635;800302;3-;7479;Luol Deng;2941;Miami Heat;;;;;;;1;1109.045;26.99;0.48;;;;;;;;Catch and shoot;;Jumper;;;;2018-02-26 13:50:02.014419
102375636;100300;Rebound;2097;Dwyane Wade;2941;Miami Heat;;;;;;;1;1110.329;;;;;;;;;;;;;;;;2018-02-26 13:50:02.014419
102375637;200600;Post;2097;Dwyane Wade;2941;Miami Heat;;;;;;;1;1112.747;;;;;;;;;;;;;;;;2018-02-26 13:50:02.014419
102375638;800201;2+;2097;Dwyane Wade;2941;Miami Heat;;;;;;;1;1112.747;26.57;8.04;;;;;;;;Post;;Lay up;;;;2018-02-26 13:50:02.014419
102375648;1600500;Guard;2095;Hassan Whiteside;2941;Miami Heat;;;;;;;2;0.000;;;;;;;;;;;;;;;;2018-02-26 13:50:02.014419
102375649;1600500;Guard;2097;Dwyane Wade;2941;Miami Heat;;;;;;;2;0.000;;;;;;;;;;;;;;;;2018-02-26 13:50:02.014419
102375650;1600500;Guard;2100;Gerald Green;2941;Miami Heat;;;;;;;2;0.000;;;;;;;;;;;;;;;;2018-02-26 13:50:02.014419
102375651;1600500;Guard;7479;Luol Deng;2941;Miami Heat;;;;;;;2;0.000;;;;;;;;;;;;;;;;2018-02-26 13:50:02.014419
102375652;1600500;Guard;370640;Tyler Johnson;2941;Miami Heat;;;;;;;2;0.000;;;;;;;;;;;;;;;;2018-02-26 13:50:02.014419
102375658;100300;Rebound;2095;Hassan Whiteside;2941;Miami Heat;;;;;;;2;30.923;;;;;;;;;;;;;;;;2018-02-26 13:50:02.014419
102375659;800600;2F;2097;Dwyane Wade;2941;Miami Heat;99345;Josh Smith;13;Los Angeles Clippers;;;2;49.633;27.05;7.62;;;;;;;;Pick'n'Roll;;;;;;2018-02-26 13:50:02.014419
102375662;800102;1-;2097;Dwyane Wade;2941;Miami Heat;99345;Josh Smith;13;Los Angeles Clippers;;;2;76.999;;;;;;;;;;;;;;;;2018-02-26 13:50:02.014419
102375663;100300;Rebound;;;2941;Miami Heat;;;;;;;2;76.999;;;;;;;;;;;;;;;;2018-02-26 13:50:02.014419
102375664;800101;1+;2097;Dwyane Wade;2941;Miami Heat;99345;Josh Smith;13;Los Angeles Clippers;;;2;94.328;;;;;;;;;;;;;;;;2018-02-26 13:50:02.014419
102375668;100300;Rebound;2097;Dwyane Wade;2941;Miami Heat;;;;;;;2;115.012;;;;;;;;;;;;;;;;2018-02-26 13:50:02.014419
102375669;400101;Accurate pass;370640;Tyler Johnson;2941;Miami Heat;;;;;2100;Gerald Green;2;122.734;;;;;;;;;;;;;;;;2018-02-26 13:50:02.014419
102375670;800301;3+;2100;Gerald Green;2941;Miami Heat;;;;;370640;Tyler Johnson;2;122.734;27.68;0.24;;;;;;;;Transition;;Jumper;;;;2018-02-26 13:50:02.014419
102375673;100300;Rebound;2097;Dwyane Wade;2941;Miami Heat;;;;;;;2;138.287;;;;;;;;;;;;;;;;2018-02-26 13:50:02.014419
102375674;800202;2-;2095;Hassan Whiteside;2941;Miami Heat;99345;Josh Smith;13;Los Angeles Clippers;;;2;146.191;25.97;7.32;;;;;;;;Transition;;Jumper;;;;2018-02-26 13:50:02.014419
102375682;100300;Rebound;7479;Luol Deng;2941;Miami Heat;;;;;;;2;202.491;;;;;;;;;;;;;;;;2018-02-26 13:50:02.014419
102375685;300100;Foul;7479;Luol Deng;2941;Miami Heat;8964;Pablo Prigioni;13;Los Angeles Clippers;;;2;211.813;;;;;;;;;;;;;;;;2018-02-26 13:50:02.014419
102375688;100300;Rebound;2095;Hassan Whiteside;2941;Miami Heat;;;;;;;2;236.103;;;;;;;;;;;;;;;;2018-02-26 13:50:02.014419
102375689;400101;Accurate pass;2097;Dwyane Wade;2941;Miami Heat;;;;;2100;Gerald Green;2;247.886;;;;;;;;;;;;;;;;2018-02-26 13:50:02.014419
102375690;200600;Post;2100;Gerald Green;2941;Miami Heat;;;;;;;2;247.886;;;;;;;;;;;;;;;;2018-02-26 13:50:02.014419
102375691;800201;2+;2100;Gerald Green;2941;Miami Heat;;;;;2097;Dwyane Wade;2;247.886;26.99;13.35;;;;;;;;Post;;Jumper;;;;2018-02-26 13:50:02.014419
102375694;100300;Rebound;370640;Tyler Johnson;2941;Miami Heat;;;;;;;2;260.864;;;;;;;;;;;;;;;;2018-02-26 13:50:02.014419
102375695;800202;2-;2100;Gerald Green;2941;Miami Heat;;;;;;;2;278.159;26.96;2.04;;;;;;;;Cut;;Jumper;;;;2018-02-26 13:50:02.014419
102375698;800400;2+1;2097;Dwyane Wade;2941;Miami Heat;;;;;370640;Tyler Johnson;2;320.589;25.52;6.87;;;;;;;;Catch and Drive;;Hook;Drives Right;;;2018-02-26 13:50:02.014419
102375704;1600500;Guard;8592;Beno Udrih;2941;Miami Heat;2100;Gerald Green;2941;Miami Heat;;;2;357.263;;;;;;;;;;;;;;;;2018-02-26 13:50:02.014419
102375705;800102;1-;2097;Dwyane Wade;2941;Miami Heat;1804;Austin Rivers;13;Los Angeles Clippers;;;2;357.263;;;;;;;;;;;;;;;;2018-02-26 13:50:02.014419
102375706;100100;Ball in play;;;2941;Miami Heat;;;;;;;2;358.367;;;;;;;;;;;;;;;;2019-10-24 13:30:02.700184
102375707;100300;Rebound;7479;Luol Deng;2941;Miami Heat;;;;;;;2;359.367;;;;;;;;;;;;;;;;2018-02-26 13:50:02.014419
102375708;800202;2-;2097;Dwyane Wade;2941;Miami Heat;;;;;;;2;363.715;24.02;6.27;;;;;;;;Cut;;Floater;;;;2018-02-26 13:50:02.014419
102375715;100100;Ball in play;;;2941;Miami Heat;;;;;;;2;412.018;;;;;;;;;;;;;;;;2019-10-24 13:30:02.700184
102375716;400101;Accurate pass;2097;Dwyane Wade;2941;Miami Heat;;;;;2095;Hassan Whiteside;2;422.018;;;;;;;;;;;;;;;;2018-02-26 13:50:02.014419
102375717;200300;Pick'n'Roll;2095;Hassan Whiteside;2941;Miami Heat;;;;;2097;Dwyane Wade;2;422.018;;;;;;;;;;;;;;;;2018-02-26 13:50:02.014419
102375718;800201;2+;2095;Hassan Whiteside;2941;Miami Heat;;;;;2097;Dwyane Wade;2;422.018;27.02;7.62;;;;;;;;Pick-n-roll without a ball;;Dunk;;;;2018-02-26 13:50:02.014419
102375721;400101;Accurate pass;7479;Luol Deng;2941;Miami Heat;;;;;2097;Dwyane Wade;2;463.531;;;;;;;;;;;;;;;;2018-02-26 13:50:02.014419
102375722;800201;2+;2097;Dwyane Wade;2941;Miami Heat;;;;;7479;Luol Deng;2;463.531;22.73;10.89;;;;;;;;Screen off;;Jumper;;;;2018-02-26 13:50:02.014419
102375724;300100;Foul;370640;Tyler Johnson;2941;Miami Heat;9150;JJ Redick;13;Los Angeles Clippers;;;2;480.972;;;;;;;;;;;;;;;;2018-02-26 13:50:02.014419
102375725;1600500;Guard;34324;Chris Bosh;2941;Miami Heat;7479;Luol Deng;2941;Miami Heat;;;2;519.296;;;;;;;;;;;;;;;;2018-02-26 13:50:02.014419
102375726;1600500;Guard;2100;Gerald Green;2941;Miami Heat;2097;Dwyane Wade;2941;Miami Heat;;;2;519.296;;;;;;;;;;;;;;;;2018-02-26 13:50:02.014419
102375729;1600500;Guard;2102;Justise Winslow;2941;Miami Heat;370640;Tyler Johnson;2941;Miami Heat;;;2;519.296;;;;;;;;;;;;;;;;2018-02-26 13:50:02.014419
102375732;100300;Rebound;2095;Hassan Whiteside;2941;Miami Heat;;;;;;;2;519.296;;;;;;;;;;;;;;;;2018-02-26 13:50:02.014419
102375733;400101;Accurate pass;8592;Beno Udrih;2941;Miami Heat;;;;;2100;Gerald Green;2;534.522;;;;;;;;;;Hand offs;;;;;;2018-02-26 13:50:02.014419
102375734;800301;3+;2100;Gerald Green;2941;Miami Heat;;;;;8592;Beno Udrih;2;534.522;20.51;3.78;;;;;;;;Hand offs;;Jumper;;;;2018-02-26 13:50:02.014419
102375740;400101;Accurate pass;34324;Chris Bosh;2941;Miami Heat;;;;;8592;Beno Udrih;2;604.209;;;;;;;;;;Hand offs;;;;;;2018-02-26 13:50:02.014419
102375741;800201;2+;8592;Beno Udrih;2941;Miami Heat;;;;;34324;Chris Bosh;2;604.209;22.73;6.96;;;;;;;;Hand offs;;Jumper;;;;2018-02-26 13:50:02.014419
102375743;100300;Rebound;34324;Chris Bosh;2941;Miami Heat;;;;;;;2;626.118;;;;;;;;;;;;;;;;2018-02-26 13:50:02.014419
102375744;400101;Accurate pass;2095;Hassan Whiteside;2941;Miami Heat;;;;;2102;Justise Winslow;2;638.220;;;;;;;;;;;;;;;;2018-02-26 13:50:02.014419
102375745;800201;2+;2102;Justise Winslow;2941;Miami Heat;;;;;2095;Hassan Whiteside;2;638.220;26.81;7.05;;;;;;;;Cut;;;;;;2018-02-26 13:50:02.014419
102375748;400101;Accurate pass;34324;Chris Bosh;2941;Miami Heat;;;;;8592;Beno Udrih;2;670.356;;;;;;;;;;;;;;;;2018-02-26 13:50:02.014419
102375749;800301;3+;8592;Beno Udrih;2941;Miami Heat;;;;;34324;Chris Bosh;2;670.356;21.71;14.37;;;;;;;;Screen off;;Jumper;;;;2018-02-26 13:50:02.014419
102375753;1800600;Timeout;;;2941;Miami Heat;;;;;;;2;689.788;;;;;;;;;;;;;;;;2018-02-26 13:50:02.014419
102375754;100100;Ball in play;;;2941;Miami Heat;;;;;;;2;714.905;;;;;;;;;;;;;;;;2019-10-24 13:30:02.700184
102375755;800202;2-;2100;Gerald Green;2941;Miami Heat;;;;;;;2;730.905;27.02;7.62;;;;;;;;Isolation;;Dunk;Drives Left;;;2018-02-26 13:50:02.014419
102375758;100300;Rebound;2095;Hassan Whiteside;2941;Miami Heat;;;;;;;2;739.632;;;;;;;;;;;;;;;;2018-02-26 13:50:02.014419
102375759;800302;3-;2100;Gerald Green;2941;Miami Heat;;;;;;;2;745.812;26.51;0.42;;;;;;;;Transition;;Jumper;;;;2018-02-26 13:50:02.014419
102375763;200600;Post;2095;Hassan Whiteside;2941;Miami Heat;;;;;;;2;785.250;;;;;;;;;;;;;;;;2018-02-26 13:50:02.014419
102375764;800201;2+;2095;Hassan Whiteside;2941;Miami Heat;;;;;;;2;785.250;27.02;7.62;;;;;;;;Post;;Dunk;;;;2018-02-26 13:50:02.014419
102375767;400101;Accurate pass;8592;Beno Udrih;2941;Miami Heat;;;;;34324;Chris Bosh;2;814.112;;;;;;;;;;;;;;;;2018-02-26 13:50:02.014419
102375768;800201;2+;34324;Chris Bosh;2941;Miami Heat;;;;;8592;Beno Udrih;2;814.112;21.83;5.70;;;;;;;;Catch and shoot;;Jumper;;;;2018-02-26 13:50:02.014419
102375770;100300;Rebound;34324;Chris Bosh;2941;Miami Heat;;;;;;;2;835.057;;;;;;;;;;;;;;;;2018-02-26 13:50:02.014419
102375771;800302;3-;2102;Justise Winslow;2941;Miami Heat;;;;;8592;Beno Udrih;2;850.064;24.95;14.61;;;;;;;;Catch and shoot;;Jumper;;;;2018-02-26 13:50:02.014419
102375777;300100;Foul;2095;Hassan Whiteside;2941;Miami Heat;7660;Cole Aldrich;13;Los Angeles Clippers;;;2;866.373;;;;;;;;;;;;;;;;2018-02-26 13:50:02.014419
102375778;1600500;Guard;7479;Luol Deng;2941;Miami Heat;2095;Hassan Whiteside;2941;Miami Heat;;;2;900.980;;;;;;;;;;;;;;;;2018-02-26 13:50:02.014419
102375779;1600500;Guard;2097;Dwyane Wade;2941;Miami Heat;2102;Justise Winslow;2941;Miami Heat;;;2;900.980;;;;;;;;;;;;;;;;2018-02-26 13:50:02.014419
102375781;100100;Ball in play;;;2941;Miami Heat;;;;;;;2;900.980;;;;;;;;;;;;;;;;2019-10-24 13:30:02.700184
102375782;100300;Rebound;34324;Chris Bosh;2941;Miami Heat;;;;;;;2;900.980;;;;;;;;;;;;;;;;2018-02-26 13:50:02.014419
102375783;800302;3-;2100;Gerald Green;2941;Miami Heat;;;;;8592;Beno Udrih;2;916.887;25.34;0.24;;;;;;;;Catch and shoot;;Jumper;;;;2018-02-26 13:50:02.014419
102375785;100300;Rebound;;;2941;Miami Heat;;;;;;;2;916.887;;;;;;;;;;;;;;;;2018-02-26 13:50:02.014419
102375792;100300;Rebound;7479;Luol Deng;2941;Miami Heat;;;;;;;2;966.964;;;;;;;;;;;;;;;;2018-02-26 13:50:02.014419
102375794;300100;Foul;2097;Dwyane Wade;2941;Miami Heat;179;Chris Paul;13;Los Angeles Clippers;;;2;982.626;;;;;;;;;;;;;;;;2018-02-26 13:50:02.014419
102375795;100500;Turnover;2097;Dwyane Wade;2941;Miami Heat;;;;;;;2;982.626;;;;;;;;;;;;;;;;2018-02-26 13:50:02.014419
102375798;100300;Rebound;34324;Chris Bosh;2941;Miami Heat;;;;;;;2;1011.357;;;;;;;;;;;;;;;;2018-02-26 13:50:02.014419
102375799;800600;2F;2097;Dwyane Wade;2941;Miami Heat;7503;Wesley Johnson;13;Los Angeles Clippers;;;2;1019.091;27.05;7.62;;;;;;;;Transition;;;;;;2018-02-26 13:50:02.014419
102375803;800101;1+;2097;Dwyane Wade;2941;Miami Heat;7503;Wesley Johnson;13;Los Angeles Clippers;;;2;1055.585;;;;;;;;;;;;;;;;2018-02-26 13:50:02.014419
102375805;1600500;Guard;2095;Hassan Whiteside;2941;Miami Heat;2100;Gerald Green;2941;Miami Heat;;;2;1079.911;;;;;;;;;;;;;;;;2018-02-26 13:50:02.014419
102375806;800102;1-;2097;Dwyane Wade;2941;Miami Heat;7503;Wesley Johnson;13;Los Angeles Clippers;;;2;1079.911;;;;;;;;;;;;;;;;2018-02-26 13:50:02.014419
102375813;1800600;Timeout;;;2941;Miami Heat;;;;;;;2;1100.578;;;;;;;;;;;;;;;;2018-02-26 13:50:02.014419
102375814;1600500;Guard;2100;Gerald Green;2941;Miami Heat;8592;Beno Udrih;2941;Miami Heat;;;2;1140.573;;;;;;;;;;;;;;;;2018-02-26 13:50:02.014419
102375817;100100;Ball in play;;;2941;Miami Heat;;;;;;;2;1140.573;;;;;;;;;;;;;;;;2019-10-24 13:30:02.700184
102375819;100500;Turnover;7479;Luol Deng;2941;Miami Heat;;;;;;;2;1140.573;;;;;;;;;;;;;;;;2018-02-26 13:50:02.014419
102375821;1600500;Guard;370640;Tyler Johnson;2941;Miami Heat;2095;Hassan Whiteside;2941;Miami Heat;;;2;1179.631;;;;;;;;;;;;;;;;2018-02-26 13:50:02.014419
102375824;800302;3-;2100;Gerald Green;2941;Miami Heat;;;;;;;2;1186.248;21.05;3.09;;;;;;;;Transition;;Jumper;;;;2018-02-26 13:50:02.014419
102375825;100300;Rebound;;;2941;Miami Heat;;;;;;;2;1186.248;;;;;;;;;;;;;;;;2018-02-26 13:50:02.014419
102375833;1600500;Guard;2097;Dwyane Wade;2941;Miami Heat;;;;;;;3;0.000;;;;;;;;;;;;;;;;2018-02-26 13:50:02.014419
102375834;1600500;Guard;2102;Justise Winslow;2941;Miami Heat;;;;;;;3;0.000;;;;;;;;;;;;;;;;2018-02-26 13:50:02.014419
102375835;1600500;Guard;7479;Luol Deng;2941;Miami Heat;;;;;;;3;0.000;;;;;;;;;;;;;;;;2018-02-26 13:50:02.014419
102375836;1600500;Guard;8592;Beno Udrih;2941;Miami Heat;;;;;;;3;0.000;;;;;;;;;;;;;;;;2018-02-26 13:50:02.014419
102375837;1600500;Guard;34324;Chris Bosh;2941;Miami Heat;;;;;;;3;0.000;;;;;;;;;;;;;;;;2018-02-26 13:50:02.014419
102375841;800302;3-;7479;Luol Deng;2941;Miami Heat;;;;;8592;Beno Udrih;3;43.014;19.19;8.22;;;;;;;;Catch and shoot;;Jumper;;;;2018-02-26 13:50:02.014419
102375846;300100;Foul;34324;Chris Bosh;2941;Miami Heat;7660;Cole Aldrich;13;Los Angeles Clippers;;;3;62.413;;;;;;;;;;;;;;;;2018-02-26 13:50:02.014419
102375849;100100;Ball in play;;;2941;Miami Heat;;;;;;;3;103.273;;;;;;;;;;;;;;;;2019-10-24 13:30:02.700184
102375850;800302;3-;2102;Justise Winslow;2941;Miami Heat;;;;;;;3;122.273;24.44;14.73;;;;;;;;Catch and shoot;;Jumper;;;;2018-02-26 13:50:02.014419
102375857;1600500;Guard;2100;Gerald Green;2941;Miami Heat;2102;Justise Winslow;2941;Miami Heat;;;3;192.264;;;;;;;;;;;;;;;;2018-02-26 13:50:02.014419
102375858;100100;Ball in play;;;2941;Miami Heat;;;;;;;3;192.264;;;;;;;;;;;;;;;;2019-10-24 13:30:02.700184
102375859;800202;2-;8592;Beno Udrih;2941;Miami Heat;;;;;2097;Dwyane Wade;3;192.264;22.88;3.18;;;;;;;;Catch and Drive;;Jumper;;;;2018-02-26 13:50:02.014419
102375866;1800600;Timeout;;;2941;Miami Heat;;;;;;;3;203.845;;;;;;;;;;;;;;;;2018-02-26 13:50:02.014419
102375867;100100;Ball in play;;;2941;Miami Heat;;;;;;;3;242.932;;;;;;;;;;;;;;;;2019-10-24 13:30:02.700184
102375868;800202;2-;2097;Dwyane Wade;2941;Miami Heat;;;;;;;3;262.932;24.65;10.26;;;;;;;;Pick'n'Roll;;Jumper;;;;2018-02-26 13:50:02.014419
102375872;800202;2-;34324;Chris Bosh;2941;Miami Heat;;;;;;;3;296.000;22.37;4.35;;;;;;;;Isolation;;Jumper;;Quick first step;;2018-02-26 13:50:02.014419
102375877;300100;Foul;8592;Beno Udrih;2941;Miami Heat;7660;Cole Aldrich;13;Los Angeles Clippers;;;3;304.662;;;;;;;;;;;;;;;;2018-02-26 13:50:02.014419
102375880;100100;Ball in play;;;2941;Miami Heat;;;;;;;3;340.105;;;;;;;;;;;;;;;;2019-10-24 13:30:02.700184
102375881;400101;Accurate pass;2097;Dwyane Wade;2941;Miami Heat;;;;;7479;Luol Deng;3;357.105;;;;;;;;;;;;;;;;2018-02-26 13:50:02.014419
102375882;800301;3+;7479;Luol Deng;2941;Miami Heat;;;;;2097;Dwyane Wade;3;357.105;27.08;15.06;;;;;;;;Catch and shoot;;Jumper;;;;2018-02-26 13:50:02.014419
102375885;400101;Accurate pass;2097;Dwyane Wade;2941;Miami Heat;;;;;7479;Luol Deng;3;396.280;;;;;;;;;;;;;;;;2018-02-26 13:50:02.014419
102375886;800201;2+;7479;Luol Deng;2941;Miami Heat;;;;;2097;Dwyane Wade;3;396.280;26.57;6.78;;;;;;;;Cut;;Lay up;;;;2018-02-26 13:50:02.014419
102375890;200300;Pick'n'Roll;34324;Chris Bosh;2941;Miami Heat;;;;;8592;Beno Udrih;3;433.125;;;;;;;;;;Pick'n'pop;;;;;;2018-02-26 13:50:02.014419
102375891;800302;3-;34324;Chris Bosh;2941;Miami Heat;;;;;8592;Beno Udrih;3;433.125;19.49;7.26;;;;;;;;Pick'n'pop;;Jumper;;;;2018-02-26 13:50:02.014419
102375895;1800600;Timeout;;;2941;Miami Heat;;;;;;;3;441.339;;;;;;;;;;;;;;;;2018-02-26 13:50:02.014419
102375896;1600500;Guard;2095;Hassan Whiteside;2941;Miami Heat;7479;Luol Deng;2941;Miami Heat;;;3;481.155;;;;;;;;;;;;;;;;2018-02-26 13:50:02.014419
102375897;100100;Ball in play;;;2941;Miami Heat;;;;;;;3;481.155;;;;;;;;;;;;;;;;2019-10-24 13:30:02.700184
102375898;800202;2-;34324;Chris Bosh;2941;Miami Heat;175;Luc Richard Mbah a Moute;13;Los Angeles Clippers;2097;Dwyane Wade;3;481.155;25.52;8.13;;;;;;;;Catch and Drive;;Jumper;Drives Left;;;2018-02-26 13:50:02.014419
102375902;300100;Foul;2095;Hassan Whiteside;2941;Miami Heat;7660;Cole Aldrich;13;Los Angeles Clippers;;;3;490.521;;;;;;;;;;;;;;;;2018-02-26 13:50:02.014419
102375905;1600500;Guard;370640;Tyler Johnson;2941;Miami Heat;8592;Beno Udrih;2941;Miami Heat;;;3;533.653;;;;;;;;;;;;;;;;2018-02-26 13:50:02.014419
102375907;100100;Ball in play;;;2941;Miami Heat;;;;;;;3;539.066;;;;;;;;;;;;;;;;2019-10-24 13:30:02.700184
102375910;100100;Ball in play;;;2941;Miami Heat;;;;;;;3;557.948;;;;;;;;;;;;;;;;2019-10-24 13:30:02.700184
102375911;800202;2-;2095;Hassan Whiteside;2941;Miami Heat;;;;;;;3;567.948;25.52;7.98;;;;;;;;Cut;;Hook;;;;2018-02-26 13:50:02.014419
102375916;400101;Accurate pass;370640;Tyler Johnson;2941;Miami Heat;;;;;2100;Gerald Green;3;599.399;;;;;;;;;;;;;;;;2018-02-26 13:50:02.014419
102375917;800301;3+;2100;Gerald Green;2941;Miami Heat;;;;;370640;Tyler Johnson;3;599.399;26.84;14.61;;;;;;;;Catch and shoot;;Jumper;;;;2018-02-26 13:50:02.014419
102375919;100300;Rebound;370640;Tyler Johnson;2941;Miami Heat;;;;;;;3;620.827;;;;;;;;;;;;;;;;2018-02-26 13:50:02.014419
102375923;100100;Ball in play;;;2941;Miami Heat;;;;;;;3;687.625;;;;;;;;;;;;;;;;2019-10-24 13:30:02.700184
102375924;400101;Accurate pass;34324;Chris Bosh;2941;Miami Heat;;;;;2100;Gerald Green;3;687.625;;;;;;;;;;;;;;;;2018-02-26 13:50:02.014419
102375925;800201;2+;2100;Gerald Green;2941;Miami Heat;;;;;34324;Chris Bosh;3;687.625;25.10;4.56;;;;;;;;Cut;;Jumper;;;;2018-02-26 13:50:02.014419
102375931;800600;2F;2095;Hassan Whiteside;2941;Miami Heat;9150;JJ Redick;13;Los Angeles Clippers;;;3;755.783;27.05;7.62;;;;;;;;Cut;;;;;;2018-02-26 13:50:02.014419
102375934;800102;1-;2095;Hassan Whiteside;2941;Miami Heat;9150;JJ Redick;13;Los Angeles Clippers;;;3;780.310;;;;;;;;;;;;;;;;2018-02-26 13:50:02.014419
102375935;100300;Rebound;;;2941;Miami Heat;;;;;;;3;780.310;;;;;;;;;;;;;;;;2018-02-26 13:50:02.014419
102375936;1600500;Guard;7479;Luol Deng;2941;Miami Heat;34324;Chris Bosh;2941;Miami Heat;;;3;801.005;;;;;;;;;;;;;;;;2018-02-26 13:50:02.014419
102375938;800101;1+;2095;Hassan Whiteside;2941;Miami Heat;9150;JJ Redick;13;Los Angeles Clippers;;;3;801.005;;;;;;;;;;;;;;;;2018-02-26 13:50:02.014419
102375941;100300;Rebound;2095;Hassan Whiteside;2941;Miami Heat;;;;;;;3;819.733;;;;;;;;;;;;;;;;2018-02-26 13:50:02.014419
102375942;800302;3-;370640;Tyler Johnson;2941;Miami Heat;;;;;;;3;834.902;21.26;13.50;;;;;;;;Catch and shoot;;Jumper;;;;2018-02-26 13:50:02.014419
102375945;300100;Foul;370640;Tyler Johnson;2941;Miami Heat;179;Chris Paul;13;Los Angeles Clippers;;;3;845.034;;;;;;;;;;;;;;;;2018-02-26 13:50:02.014419
102375950;300100;Foul;370640;Tyler Johnson;2941;Miami Heat;179;Chris Paul;13;Los Angeles Clippers;;;3;874.296;;;;;;;;;;;;;;;;2018-02-26 13:50:02.014419
102375960;100300;Rebound;2097;Dwyane Wade;2941;Miami Heat;;;;;;;3;955.163;;;;;;;;;;;;;;;;2018-02-26 13:50:02.014419
102375961;800201;2+;2097;Dwyane Wade;2941;Miami Heat;;;;;;;3;963.807;26.42;8.49;;;;;;;;Pick'n'Roll;;Lay up;;;;2018-02-26 13:50:02.014419
102375965;100400;Steal;2095;Hassan Whiteside;2941;Miami Heat;7660;Cole Aldrich;13;Los Angeles Clippers;;;3;1005.809;;;;;;;;;;;;;;;;2018-02-26 13:50:02.014419
102375966;800600;2F;2100;Gerald Green;2941;Miami Heat;1804;Austin Rivers;13;Los Angeles Clippers;;;3;1009.132;27.05;7.62;;;;;;;;Transition;;;;;;2018-02-26 13:50:02.014419
102375969;800101;1+;2100;Gerald Green;2941;Miami Heat;1804;Austin Rivers;13;Los Angeles Clippers;;;3;1053.111;;;;;;;;;;;;;;;;2018-02-26 13:50:02.014419
102375970;800102;1-;2100;Gerald Green;2941;Miami Heat;1804;Austin Rivers;13;Los Angeles Clippers;;;3;1070.383;;;;;;;;;;;;;;;;2018-02-26 13:50:02.014419
102375971;100300;Rebound;;;2941;Miami Heat;;;;;;;3;1070.383;;;;;;;;;;;;;;;;2018-02-26 13:50:02.014419
102375972;100100;Ball in play;;;2941;Miami Heat;;;;;;;3;1083.875;;;;;;;;;;;;;;;;2019-10-24 13:30:02.700184
102375976;300100;Foul;2095;Hassan Whiteside;2941;Miami Heat;180;Jamal Crawford;13;Los Angeles Clippers;;;3;1107.254;;;;;;;;;;;;;;;;2018-02-26 13:50:02.014419
102375979;100100;Ball in play;;;2941;Miami Heat;;;;;;;3;1159.618;;;;;;;;;;;;;;;;2019-10-24 13:30:02.700184
102375980;800600;2F;2095;Hassan Whiteside;2941;Miami Heat;179;Chris Paul;13;Los Angeles Clippers;;;3;1175.618;27.05;7.62;;;;;;;;;;;;;;2018-02-26 13:50:02.014419
102375983;800101;1+;2095;Hassan Whiteside;2941;Miami Heat;179;Chris Paul;13;Los Angeles Clippers;;;3;1207.179;;;;;;;;;;;;;;;;2018-02-26 13:50:02.014419
102375986;800101;1+;2095;Hassan Whiteside;2941;Miami Heat;179;Chris Paul;13;Los Angeles Clippers;;;3;1230.491;;;;;;;;;;;;;;;;2018-02-26 13:50:02.014419
102375991;100500;Turnover;2097;Dwyane Wade;2941;Miami Heat;;;;;;;3;1258.473;;;;;;;;;;;;;;;;2018-02-26 13:50:02.014419
102375994;100300;Rebound;2095;Hassan Whiteside;2941;Miami Heat;;;;;;;3;1277.989;;;;;;;;;;;;;;;;2018-02-26 13:50:02.014419
102375999;100300;Rebound;2100;Gerald Green;2941;Miami Heat;;;;;;;3;1320.824;;;;;;;;;;;;;;;;2018-02-26 13:50:02.014419
102376002;100300;Rebound;2097;Dwyane Wade;2941;Miami Heat;;;;;;;3;1348.558;;;;;;;;;;;;;;;;2018-02-26 13:50:02.014419
102376004;100400;Steal;7479;Luol Deng;2941;Miami Heat;7503;Wesley Johnson;13;Los Angeles Clippers;;;3;1361.822;;;;;;;;;;;;;;;;2018-02-26 13:50:02.014419
102376005;800202;2-;2097;Dwyane Wade;2941;Miami Heat;;;;;;;3;1367.795;26.27;7.32;;;;;;;;Transition;;Floater;;;;2018-02-26 13:50:02.014419
102376006;100300;Rebound;2097;Dwyane Wade;2941;Miami Heat;;;;;;;3;1369.776;;;;;;;;;;;;;;;;2018-02-26 13:50:02.014419
102376007;800600;2F;2097;Dwyane Wade;2941;Miami Heat;180;Jamal Crawford;13;Los Angeles Clippers;;;3;1369.776;27.05;7.62;;;;;;;;Putbacks;;;;;;2018-02-26 13:50:02.014419
102376010;800101;1+;2097;Dwyane Wade;2941;Miami Heat;180;Jamal Crawford;13;Los Angeles Clippers;;;3;1408.517;;;;;;;;;;;;;;;;2018-02-26 13:50:02.014419
102376011;800102;1-;2097;Dwyane Wade;2941;Miami Heat;180;Jamal Crawford;13;Los Angeles Clippers;;;3;1424.245;;;;;;;;;;;;;;;;2018-02-26 13:50:02.014419
102376015;100300;Rebound;7479;Luol Deng;2941;Miami Heat;;;;;;;3;1446.252;;;;;;;;;;;;;;;;2018-02-26 13:50:02.014419
102376023;1600500;Guard;2095;Hassan Whiteside;2941;Miami Heat;;;;;;;4;0.000;;;;;;;;;;;;;;;;2018-02-26 13:50:02.014419
102376024;1600500;Guard;2100;Gerald Green;2941;Miami Heat;;;;;;;4;0.000;;;;;;;;;;;;;;;;2018-02-26 13:50:02.014419
102376025;1600500;Guard;8592;Beno Udrih;2941;Miami Heat;;;;;;;4;0.000;;;;;;;;;;;;;;;;2018-02-26 13:50:02.014419
102376026;1600500;Guard;34324;Chris Bosh;2941;Miami Heat;;;;;;;4;0.000;;;;;;;;;;;;;;;;2018-02-26 13:50:02.014419
102376027;1600500;Guard;370640;Tyler Johnson;2941;Miami Heat;;;;;;;4;0.000;;;;;;;;;;;;;;;;2018-02-26 13:50:02.014419
102376028;100100;Ball in play;;;2941;Miami Heat;;;;;;;4;39.836;;;;;;;;;;;;;;;;2019-10-24 13:30:02.700184
102376029;800202;2-;370640;Tyler Johnson;2941;Miami Heat;7503;Wesley Johnson;13;Los Angeles Clippers;;;4;65.836;26.36;8.49;;;;;;;;Pick'n'Roll;;Lay up;;;;2018-02-26 13:50:02.014419
102376032;800302;3-;2100;Gerald Green;2941;Miami Heat;;;;;34324;Chris Bosh;4;102.080;20.51;12.51;;;;;;;;Catch and Drive;;Jumper;Drives Left;;;2018-02-26 13:50:02.014419
102376034;100300;Rebound;;;2941;Miami Heat;;;;;;;4;102.080;;;;;;;;;;;;;;;;2018-02-26 13:50:02.014419
102376038;800302;3-;34324;Chris Bosh;2941;Miami Heat;;;;;370640;Tyler Johnson;4;144.724;26.27;14.97;;;;;;;;Catch and shoot;;Jumper;;;;2018-02-26 13:50:02.014419
102376041;300100;Foul;370640;Tyler Johnson;2941;Miami Heat;180;Jamal Crawford;13;Los Angeles Clippers;;;4;152.791;;;;;;;;;;;;;;;;2018-02-26 13:50:02.014419
102376045;300100;Foul;2100;Gerald Green;2941;Miami Heat;1804;Austin Rivers;13;Los Angeles Clippers;;;4;193.158;;;;;;;;;;;;;;;;2018-02-26 13:50:02.014419
102376048;1800600;Timeout;;;2941;Miami Heat;;;;;;;4;227.014;;;;;;;;;;;;;;;;2018-02-26 13:50:02.014419
102376049;1600500;Guard;7479;Luol Deng;2941;Miami Heat;370640;Tyler Johnson;2941;Miami Heat;;;4;277.580;;;;;;;;;;;;;;;;2018-02-26 13:50:02.014419
102376050;100100;Ball in play;;;2941;Miami Heat;;;;;;;4;277.580;;;;;;;;;;;;;;;;2019-10-24 13:30:02.700184
102376051;800202;2-;8592;Beno Udrih;2941;Miami Heat;;;;;;;4;277.580;24.14;3.63;;;;;;;;Hand offs;;Jumper;;;;2018-02-26 13:50:02.014419
102376054;100300;Rebound;7479;Luol Deng;2941;Miami Heat;;;;;;;4;293.357;;;;;;;;;;;;;;;;2018-02-26 13:50:02.014419
102376057;300100;Foul;2095;Hassan Whiteside;2941;Miami Heat;8964;Pablo Prigioni;13;Los Angeles Clippers;;;4;325.902;;;;;;;;;;;;;;;;2018-02-26 13:50:02.014419
102376058;100500;Turnover;2095;Hassan Whiteside;2941;Miami Heat;;;;;;;4;325.902;;;;;;;;;;;;;;;;2018-02-26 13:50:02.014419
102376063;100300;Rebound;34324;Chris Bosh;2941;Miami Heat;;;;;;;4;361.277;;;;;;;;;;;;;;;;2018-02-26 13:50:02.014419
102376064;800600;2F;2095;Hassan Whiteside;2941;Miami Heat;99345;Josh Smith;13;Los Angeles Clippers;;;4;367.684;27.05;7.62;;;;;;;;Transition;;;;;;2018-02-26 13:50:02.014419
102376067;800102;1-;2095;Hassan Whiteside;2941;Miami Heat;99345;Josh Smith;13;Los Angeles Clippers;;;4;390.608;;;;;;;;;;;;;;;;2018-02-26 13:50:02.014419
102376068;100300;Rebound;;;2941;Miami Heat;;;;;;;4;390.608;;;;;;;;;;;;;;;;2018-02-26 13:50:02.014419
102376069;1600500;Guard;370640;Tyler Johnson;2941;Miami Heat;2100;Gerald Green;2941;Miami Heat;;;4;407.673;;;;;;;;;;;;;;;;2018-02-26 13:50:02.014419
102376070;800101;1+;2095;Hassan Whiteside;2941;Miami Heat;99345;Josh Smith;13;Los Angeles Clippers;;;4;407.673;;;;;;;;;;;;;;;;2018-02-26 13:50:02.014419
102376074;100100;Ball in play;;;2941;Miami Heat;;;;;;;4;443.201;;;;;;;;;;;;;;;;2019-10-24 13:30:02.700184
102376075;400101;Accurate pass;34324;Chris Bosh;2941;Miami Heat;;;;;2095;Hassan Whiteside;4;456.201;;;;;;;;;;;;;;;;2018-02-26 13:50:02.014419
102376076;800201;2+;2095;Hassan Whiteside;2941;Miami Heat;;;;;8592;Beno Udrih;4;456.201;27.02;7.62;;;;;;;;Cut;;Dunk;;;;2018-02-26 13:50:02.014419
102376078;100300;Rebound;2095;Hassan Whiteside;2941;Miami Heat;;;;;;;4;474.057;;;;;;;;;;;;;;;;2018-02-26 13:50:02.014419
102376087;300100;Foul;7479;Luol Deng;2941;Miami Heat;180;Jamal Crawford;13;Los Angeles Clippers;;;4;523.540;;;;;;;;;;;;;;;;2018-02-26 13:50:02.014419
102376090;100100;Ball in play;;;2941;Miami Heat;;;;;;;4;572.899;;;;;;;;;;;;;;;;2019-10-24 13:30:02.700184
102376093;100100;Ball in play;;;2941;Miami Heat;;;;;;;4;595.617;;;;;;;;;;;;;;;;2019-10-24 13:30:02.700184
102376094;800202;2-;8592;Beno Udrih;2941;Miami Heat;;;;;;;4;604.617;21.98;9.81;;;;;;;;Pick'n'Roll;;Jumper;;;;2018-02-26 13:50:02.014419
102376097;100300;Rebound;34324;Chris Bosh;2941;Miami Heat;;;;;;;4;614.383;;;;;;;;;;;;;;;;2018-02-26 13:50:02.014419
102376099;100500;Turnover;2095;Hassan Whiteside;2941;Miami Heat;;;;;;;4;633.676;;;;;;;;;;;;;;;;2018-02-26 13:50:02.014419
102376102;100300;Rebound;2095;Hassan Whiteside;2941;Miami Heat;;;;;;;4;671.647;;;;;;;;;;;;;;;;2018-02-26 13:50:02.014419
102376103;400101;Accurate pass;34324;Chris Bosh;2941;Miami Heat;;;;;370640;Tyler Johnson;4;687.274;;;;;;;;;;Hand offs;;;;;;2018-02-26 13:50:02.014419
102376104;800301;3+;370640;Tyler Johnson;2941;Miami Heat;;;;;34324;Chris Bosh;4;687.274;20.21;4.17;;;;;;;;Hand offs;;Jumper;;;;2018-02-26 13:50:02.014419
102376110;1800600;Timeout;;;2941;Miami Heat;;;;;;;4;736.003;;;;;;;;;;;;;;;;2018-02-26 13:50:02.014419
102376112;1600500;Guard;2097;Dwyane Wade;2941;Miami Heat;8592;Beno Udrih;2941;Miami Heat;;;4;777.782;;;;;;;;;;;;;;;;2018-02-26 13:50:02.014419
102376113;1600500;Guard;2100;Gerald Green;2941;Miami Heat;2095;Hassan Whiteside;2941;Miami Heat;;;4;777.782;;;;;;;;;;;;;;;;2018-02-26 13:50:02.014419
102376114;100100;Ball in play;;;2941;Miami Heat;;;;;;;4;777.782;;;;;;;;;;;;;;;;2019-10-24 13:30:02.700184
102376115;800600;2F;34324;Chris Bosh;2941;Miami Heat;99345;Josh Smith;13;Los Angeles Clippers;;;4;777.782;27.05;7.62;;;;;;;;Catch and Drive;;;Drives Right;;;2018-02-26 13:50:02.014419
102376118;800101;1+;34324;Chris Bosh;2941;Miami Heat;99345;Josh Smith;13;Los Angeles Clippers;;;4;808.739;;;;;;;;;;;;;;;;2018-02-26 13:50:02.014419
102376119;800102;1-;34324;Chris Bosh;2941;Miami Heat;99345;Josh Smith;13;Los Angeles Clippers;;;4;824.465;;;;;;;;;;;;;;;;2018-02-26 13:50:02.014419
102376125;800202;2-;370640;Tyler Johnson;2941;Miami Heat;;;;;;;4;861.512;22.10;9.45;;;;;;;;Pick'n'Roll;;Jumper;;;;2018-02-26 13:50:02.014419
102376129;100300;Rebound;2097;Dwyane Wade;2941;Miami Heat;;;;;;;4;885.037;;;;;;;;;;;;;;;;2018-02-26 13:50:02.014419
102376130;800600;2F;370640;Tyler Johnson;2941;Miami Heat;7503;Wesley Johnson;13;Los Angeles Clippers;;;4;904.300;27.05;7.62;;;;;;;;Catch and Drive;;;Drives Left;;;2018-02-26 13:50:02.014419
102376133;800101;1+;370640;Tyler Johnson;2941;Miami Heat;7503;Wesley Johnson;13;Los Angeles Clippers;;;4;926.947;;;;;;;;;;;;;;;;2018-02-26 13:50:02.014419
102376134;800101;1+;370640;Tyler Johnson;2941;Miami Heat;7503;Wesley Johnson;13;Los Angeles Clippers;;;4;938.487;;;;;;;;;;;;;;;;2018-02-26 13:50:02.014419
102376136;100400;Steal;370640;Tyler Johnson;2941;Miami Heat;99345;Josh Smith;13;Los Angeles Clippers;;;4;957.855;;;;;;;;;;;;;;;;2018-02-26 13:50:02.014419
102376137;800202;2-;370640;Tyler Johnson;2941;Miami Heat;179;Chris Paul;13;Los Angeles Clippers;;;4;961.248;26.12;8.13;;;;;;;;Transition;;Lay up;;;;2018-02-26 13:50:02.014419
102376139;100300;Rebound;;;2941;Miami Heat;;;;;;;4;961.248;;;;;;;;;;;;;;;;2018-02-26 13:50:02.014419
102376140;100100;Ball in play;;;2941;Miami Heat;;;;;;;4;976.763;;;;;;;;;;;;;;;;2019-10-24 13:30:02.700184
102376141;800202;2-;370640;Tyler Johnson;2941;Miami Heat;;;;;;;4;980.763;26.51;11.88;;;;;;;;Catch and shoot;;Jumper;;;;2018-02-26 13:50:02.014419
102376144;100300;Rebound;34324;Chris Bosh;2941;Miami Heat;;;;;;;4;996.115;;;;;;;;;;;;;;;;2018-02-26 13:50:02.014419
102376145;800600;2F;34324;Chris Bosh;2941;Miami Heat;99345;Josh Smith;13;Los Angeles Clippers;;;4;1012.323;27.05;7.62;;;;;;;;Isolation;;;Drives Left;;;2018-02-26 13:50:02.014419
102376148;800101;1+;34324;Chris Bosh;2941;Miami Heat;99345;Josh Smith;13;Los Angeles Clippers;;;4;1040.722;;;;;;;;;;;;;;;;2018-02-26 13:50:02.014419
102376149;1600500;Guard;2102;Justise Winslow;2941;Miami Heat;2097;Dwyane Wade;2941;Miami Heat;;;4;1062.025;;;;;;;;;;;;;;;;2018-02-26 13:50:02.014419
102376150;1600500;Guard;2099;Josh Richardson;2941;Miami Heat;7479;Luol Deng;2941;Miami Heat;;;4;1062.025;;;;;;;;;;;;;;;;2018-02-26 13:50:02.014419
102376151;800101;1+;34324;Chris Bosh;2941;Miami Heat;99345;Josh Smith;13;Los Angeles Clippers;;;4;1062.025;;;;;;;;;;;;;;;;2018-02-26 13:50:02.014419
102376155;800600;2F;2099;Josh Richardson;2941;Miami Heat;99345;Josh Smith;13;Los Angeles Clippers;;;4;1104.261;27.05;7.62;;;;;;;;Pick'n'Roll;;;;;;2018-02-26 13:50:02.014419
102376159;1600500;Guard;2412;Chris Andersen;2941;Miami Heat;34324;Chris Bosh;2941;Miami Heat;;;4;1161.379;;;;;;;;;;;;;;;;2018-02-26 13:50:02.014419
102376160;1600500;Guard;2103;Udonis Haslem;2941;Miami Heat;2100;Gerald Green;2941;Miami Heat;;;4;1161.379;;;;;;;;;;;;;;;;2018-02-26 13:50:02.014419
102376163;800101;1+;2099;Josh Richardson;2941;Miami Heat;99345;Josh Smith;13;Los Angeles Clippers;;;4;1161.379;;;;;;;;;;;;;;;;2018-02-26 13:50:02.014419
102376164;800101;1+;2099;Josh Richardson;2941;Miami Heat;99345;Josh Smith;13;Los Angeles Clippers;;;4;1173.780;;;;;;;;;;;;;;;;2018-02-26 13:50:02.014419
102376167;100300;Rebound;2412;Chris Andersen;2941;Miami Heat;;;;;;;4;1216.861;;;;;;;;;;;;;;;;2018-02-26 13:50:02.014419
102376168;400101;Accurate pass;2412;Chris Andersen;2941;Miami Heat;;;;;370640;Tyler Johnson;4;1233.088;;;;;;;;;;;;;;;;2018-02-26 13:50:02.014419
102376169;800400;2+1;370640;Tyler Johnson;2941;Miami Heat;;;;;2099;Josh Richardson;4;1233.088;27.08;7.05;;;;;;;;Cut;;Lay up;;;;2018-02-26 13:50:02.014419
102376174;100300;Rebound;2103;Udonis Haslem;2941;Miami Heat;;;;;;;4;1272.341;;;;;;;;;;;;;;;;2018-02-26 13:50:02.014419
102376175;800202;2-;2102;Justise Winslow;2941;Miami Heat;;;;;;;4;1279.510;26.57;7.62;;;;;;;;Transition;;Lay up;;;;2018-02-26 13:50:02.014419
102376178;400101;Accurate pass;2099;Josh Richardson;2941;Miami Heat;;;;;2412;Chris Andersen;4;1324.263;;;;;;;;;;;;;;;;2018-02-26 13:50:02.014419
102376179;800301;3+;2412;Chris Andersen;2941;Miami Heat;;;;;2099;Josh Richardson;4;1324.263;19.34;6.48;;;;;;;;Catch and Drive;;Jumper;;;;2018-02-26 13:50:02.014419
102376185;100100;Ball in play;;;2941;Miami Heat;;;;;;;4;1379.403;;;;;;;;;;;;;;;;2019-10-24 13:30:02.700184
102376186;400101;Accurate pass;2099;Josh Richardson;2941;Miami Heat;;;;;2103;Udonis Haslem;4;1399.203;;;;;;;;;;;;;;;;2018-02-26 13:50:02.014419
102376187;200600;Post;2103;Udonis Haslem;2941;Miami Heat;;;;;;;4;1399.203;;;;;;;;;;;;;;;;2018-02-26 13:50:02.014419
102376188;800201;2+;2103;Udonis Haslem;2941;Miami Heat;;;;;2099;Josh Richardson;4;1399.203;26.84;6.27;;;;;;;;Post;;Hook;;;;2018-02-26 13:50:02.014419
102376190;100300;Rebound;370640;Tyler Johnson;2941;Miami Heat;;;;;;;4;1440.876;;;;;;;;;;;;;;;;2018-02-26 13:50:02.014419
102376191;800302;3-;2103;Udonis Haslem;2941;Miami Heat;;;;;;;4;1447.489;20.09;11.52;;;;;;;;Transition;;Jumper;;;;2018-02-26 13:50:02.014419
102376192;100300;Rebound;;;2941;Miami Heat;;;;;;;4;1447.489;;;;;;;;;;;;;;;;2018-02-26 13:50:02.014419
105224083;200900;Assisting;2097;Dwyane Wade;2941;Miami Heat;;;;;2102;Justise Winslow;1;326.850;;;;;;;;;;;;;;;;2018-03-03 05:02:02.463393
105224087;200900;Assisting;2102;Justise Winslow;2941;Miami Heat;;;;;2097;Dwyane Wade;1;370.198;;;;;;;;;;;;;;;;2018-03-03 05:02:02.463393
105224089;200900;Assisting;8592;Beno Udrih;2941;Miami Heat;;;;;34324;Chris Bosh;1;416.402;;;;;;;;;;;;;;;;2018-03-03 05:02:02.463393
105224091;200900;Assisting;2097;Dwyane Wade;2941;Miami Heat;;;;;;;1;438.765;;;;;;;;;;;;;;;;2018-03-03 05:02:02.463393
105224093;200900;Assisting;34324;Chris Bosh;2941;Miami Heat;;;;;8592;Beno Udrih;1;552.423;;;;;;;;;;;;;;;;2018-03-03 05:02:02.463393
105224095;200900;Assisting;34324;Chris Bosh;2941;Miami Heat;;;;;370640;Tyler Johnson;1;621.156;;;;;;;;;;;;;;;;2018-03-03 05:02:02.463393
105224099;200900;Assisting;2100;Gerald Green;2941;Miami Heat;;;;;34324;Chris Bosh;1;666.522;;;;;;;;;;;;;;;;2018-03-03 05:02:02.463393
105224105;200900;Assisting;34324;Chris Bosh;2941;Miami Heat;;;;;;;1;761.988;;;;;;;;;;;;;;;;2018-03-03 05:02:02.463393
105224107;200900;Assisting;7479;Luol Deng;2941;Miami Heat;;;;;2100;Gerald Green;1;949.883;;;;;;;;;;;;;;;;2018-03-03 05:02:02.463393
105224109;200900;Assisting;2100;Gerald Green;2941;Miami Heat;;;;;370640;Tyler Johnson;1;982.676;;;;;;;;;;;;;;;;2018-03-03 05:02:02.463393
105224111;200900;Assisting;2097;Dwyane Wade;2941;Miami Heat;;;;;;;1;1064.705;;;;;;;;;;;;;;;;2018-03-03 05:02:02.463393
105224115;200900;Assisting;2097;Dwyane Wade;2941;Miami Heat;;;;;;;1;1112.747;;;;;;;;;;;;;;;;2018-03-03 05:02:02.463393
105224119;200900;Assisting;2097;Dwyane Wade;2941;Miami Heat;;;;;;;2;49.633;;;;;;;;;;;;;;;;2018-03-03 05:02:02.463393
105224121;200900;Assisting;2100;Gerald Green;2941;Miami Heat;;;;;370640;Tyler Johnson;2;122.734;;;;;;;;;;;;;;;;2018-03-03 05:02:02.463393
105224123;200900;Assisting;2100;Gerald Green;2941;Miami Heat;;;;;2097;Dwyane Wade;2;247.886;;;;;;;;;;;;;;;;2018-03-03 05:02:02.463393
105224127;200900;Assisting;2097;Dwyane Wade;2941;Miami Heat;;;;;370640;Tyler Johnson;2;320.589;;;;;;;;;;;;;;;;2018-03-03 05:02:02.463393
105224131;200900;Assisting;2095;Hassan Whiteside;2941;Miami Heat;;;;;2097;Dwyane Wade;2;422.018;;;;;;;;;;;;;;;;2018-03-03 05:02:02.463393
105224135;200900;Assisting;2097;Dwyane Wade;2941;Miami Heat;;;;;7479;Luol Deng;2;463.531;;;;;;;;;;;;;;;;2018-03-03 05:02:02.463393
105224137;200900;Assisting;2100;Gerald Green;2941;Miami Heat;;;;;8592;Beno Udrih;2;534.522;;;;;;;;;;;;;;;;2018-03-03 05:02:02.463393
105224141;200900;Assisting;8592;Beno Udrih;2941;Miami Heat;;;;;34324;Chris Bosh;2;604.209;;;;;;;;;;;;;;;;2018-03-03 05:02:02.463393
105224143;200900;Assisting;2102;Justise Winslow;2941;Miami Heat;;;;;2095;Hassan Whiteside;2;638.220;;;;;;;;;;;;;;;;2018-03-03 05:02:02.463393
105224147;200900;Assisting;8592;Beno Udrih;2941;Miami Heat;;;;;34324;Chris Bosh;2;670.356;;;;;;;;;;;;;;;;2018-03-03 05:02:02.463393
105224153;200900;Assisting;2095;Hassan Whiteside;2941;Miami Heat;;;;;;;2;785.250;;;;;;;;;;;;;;;;2018-03-03 05:02:02.463393
105224157;200900;Assisting;34324;Chris Bosh;2941;Miami Heat;;;;;8592;Beno Udrih;2;814.112;;;;;;;;;;;;;;;;2018-03-03 05:02:02.463393
105224161;200900;Assisting;2097;Dwyane Wade;2941;Miami Heat;;;;;;;2;1019.091;;;;;;;;;;;;;;;;2018-03-03 05:02:02.463393
105224179;200900;Assisting;7479;Luol Deng;2941;Miami Heat;;;;;2097;Dwyane Wade;3;357.105;;;;;;;;;;;;;;;;2018-03-03 05:02:02.463393
105224183;200900;Assisting;7479;Luol Deng;2941;Miami Heat;;;;;2097;Dwyane Wade;3;396.280;;;;;;;;;;;;;;;;2018-03-03 05:02:02.463393
105224193;200900;Assisting;2100;Gerald Green;2941;Miami Heat;;;;;370640;Tyler Johnson;3;599.399;;;;;;;;;;;;;;;;2018-03-03 05:02:02.463393
105224195;200900;Assisting;2100;Gerald Green;2941;Miami Heat;;;;;34324;Chris Bosh;3;687.625;;;;;;;;;;;;;;;;2018-03-03 05:02:02.463393
105224199;200900;Assisting;2095;Hassan Whiteside;2941;Miami Heat;;;;;;;3;755.783;;;;;;;;;;;;;;;;2018-03-03 05:02:02.463393
105224203;200900;Assisting;2097;Dwyane Wade;2941;Miami Heat;;;;;;;3;963.807;;;;;;;;;;;;;;;;2018-03-03 05:02:02.463393
105224205;200900;Assisting;2100;Gerald Green;2941;Miami Heat;;;;;;;3;1009.132;;;;;;;;;;;;;;;;2018-03-03 05:02:02.463393
105224209;200900;Assisting;2095;Hassan Whiteside;2941;Miami Heat;;;;;;;3;1175.618;;;;;;;;;;;;;;;;2018-03-03 05:02:02.463393
105224215;200900;Assisting;2097;Dwyane Wade;2941;Miami Heat;;;;;;;3;1369.776;;;;;;;;;;;;;;;;2018-03-03 05:02:02.463393
105224225;200900;Assisting;2095;Hassan Whiteside;2941;Miami Heat;;;;;;;4;367.684;;;;;;;;;;;;;;;;2018-03-03 05:02:02.463393
105224227;200900;Assisting;2095;Hassan Whiteside;2941;Miami Heat;;;;;8592;Beno Udrih;4;456.201;;;;;;;;;;;;;;;;2018-03-03 05:02:02.463393
105224231;200900;Assisting;370640;Tyler Johnson;2941;Miami Heat;;;;;34324;Chris Bosh;4;687.274;;;;;;;;;;;;;;;;2018-03-03 05:02:02.463393
105224237;200900;Assisting;34324;Chris Bosh;2941;Miami Heat;;;;;;;4;777.782;;;;;;;;;;;;;;;;2018-03-03 05:02:02.463393
105224241;200900;Assisting;370640;Tyler Johnson;2941;Miami Heat;;;;;;;4;904.300;;;;;;;;;;;;;;;;2018-03-03 05:02:02.463393
105224243;200900;Assisting;34324;Chris Bosh;2941;Miami Heat;;;;;;;4;1012.323;;;;;;;;;;;;;;;;2018-03-03 05:02:02.463393
105224247;200900;Assisting;2099;Josh Richardson;2941;Miami Heat;;;;;;;4;1104.261;;;;;;;;;;;;;;;;2018-03-03 05:02:02.463393
105224249;200900;Assisting;370640;Tyler Johnson;2941;Miami Heat;;;;;2099;Josh Richardson;4;1233.088;;;;;;;;;;;;;;;;2018-03-03 05:02:02.463393
105224253;200900;Assisting;2412;Chris Andersen;2941;Miami Heat;;;;;2099;Josh Richardson;4;1324.263;;;;;;;;;;;;;;;;2018-03-03 05:02:02.463393
105224257;200900;Assisting;2103;Udonis Haslem;2941;Miami Heat;;;;;2099;Josh Richardson;4;1399.203;;;;;;;;;;;;;;;;2018-03-03 05:02:02.463393
